tensor_dense_3bias0 4
0 0.00493331719 0 0
tensor_dense_3kernel0 32
-0.285601377 -0.366434664 -0.0240162611 -0.408204347 -0.683886409 0.507472992 -0.34976235 0.125954986 0.0270783305 0.22381407 -0.37564221 -0.468192995 -0.477594078 0.227840126 0.268576562 -0.634241104 0.390031993 0.359721124 -0.273776829 -0.037982583 -0.443922132 -0.668403864 -0.40982601 -0.122794509 -0.647700965 0.140856981 0.465954006 -0.368643641 -0.00733745098 0.354566634 -0.136946917 0.411543787
tensor_dense_2kernel0 128
-0.306947023 0.121048212 -0.457527637 -0.0802466869 -0.0486319065 0.479463726 -0.0967597961 -0.0450429916 -0.100414239 0.481753975 -0.367903829 -0.247118831 -0.440123916 -0.348541021 -0.0808969736 0.233817697 0.285013855 0.113237157 0.345533967 0.365600348 -0.135772943 0.201493606 -0.209102154 -0.0781859159 0.328284532 0.252739608 -0.3113873 -0.195978642 -0.0637558699 -0.27519992 -0.109688878 -0.438506603 -0.161248848 -0.119089961 0.194720864 0.420451403 -0.190892339 -0.0559268892 0.291060567 0.000523924828 -0.0117205381 -0.143606424 -0.403563499 -0.259504676 -0.133553028 0.275075793 -0.161563039 0.486801863 0.112709701 -0.117492005 0.420829177 -0.487226605 -0.0865576267 -0.247104079 0.124683857 -0.330847502 -0.0252520591 0.214654222 0.240007758 -0.327287078 -0.233440042 -0.307840228 0.380216718 0.0765365362 0.123626828 0.485605717 0.176739335 0.29015398 0.0775946379 0.260231495 -0.200461626 -0.101716757 0.113847427 0.383535057 -0.255445719 -0.45738554 0.117013812 0.167073861 -0.492124677 0.343027949 0.472012758 -0.0663575232 0.362368584 0.297985435 -0.438844204 -0.0394575112 0.054857254 0.074544549 0.161173165 -0.198150098 -0.440762401 0.0443890095 -0.330727458 -0.109609962 0.42028904 -0.299937129 0.251280069 0.311407089 -0.420010924 -0.0882927179 -0.429297328 -0.140113235 -0.314561725 -0.319221258 -0.183387876 -0.208792925 -0.333225965 0.247311473 -0.0361717939 0.282744646 0.373276234 0.113921642 0.263232112 -0.10380435 -0.222757697 -0.0256712437 0.377710938 0.170812845 0.0328409672 -0.268002987 0.127105996 -0.415768743 -0.225174069 -0.394859314 0.229277611 0.197411984 -0.258880496 -0.464150906
tensor_dense_1bias0 16
0.000550384168 0.00160591269 -0.000352066912 0.000207794961 3.13427518e-05 0 -0.000342837506 0.000739666575 0 0.000634910422 -0.000999410055 -0.000718881376 0 0 0 -0.00139853766
tensor_dense_1kernel0 512
-0.0419607162 0.0323321708 0.313635439 0.195279434 0.305903465 -0.204888299 0.162528068 0.35192886 -0.0690942705 0.13834241 -0.0139545426 0.308313757 0.0181261003 -0.229207635 -0.205943659 0.0762430131 -0.275529474 -0.279126704 -0.0297019351 0.163949266 -0.0884957463 0.328772396 -0.26452139 -0.103482723 -0.255544245 0.0196049791 -0.150137588 -0.170598924 -0.242648676 0.305653185 0.219742626 0.271388352 0.30413413 -0.260993987 0.067361325 0.167818084 -0.214409173 -0.0391229689 -0.0845730826 -0.0197554026 -0.193812117 0.187057599 0.00431899354 0.0482609868 -0.0586362183 0.0516022444 0.106586844 0.283863932 0.145378888 0.0100814402 0.0411487222 0.204485625 -0.0867137611 -0.269616067 0.0911339521 -0.0148356855 -0.108574748 -0.161880642 0.0385869443 -0.245617926 0.0420247018 -0.0980125666 0.178570539 -0.0505008698 -0.304653555 -0.206707999 0.248539716 0.0655741096 -0.172879189 -0.239416003 -0.293103516 0.0863760635 -0.0522049367 -0.206831306 0.160969198 0.244247198 0.126987934 -0.239198357 0.0735905766 -0.0937048942 -0.344314635 0.00626832154 -0.198533803 -0.222776413 0.038246043 -0.305534542 0.163781017 -0.314152956 -0.253695369 0.182471275 0.00889331009 -0.309225798 -0.248486266 0.0820536017 0.267481595 -0.206128582 -0.125895977 0.285254151 0.278920084 0.315659076 -0.291821688 -0.126214474 0.00397662399 0.154604778 -0.235009819 -0.049520921 0.237220287 0.202230841 -0.0754463077 -0.306200653 0.247257322 -0.280409753 -0.2617172 -0.162111312 0.241805121 -0.036211174 -0.081298247 -0.0919684768 0.20622395 -0.348482579 0.0308080018 0.281298488 -0.0306613296 -0.0294043217 0.209966809 0.190781265 -0.229525998 0.325490415 -0.1178165 -0.0972050354 0.207682833 -0.282927543 0.189709574 -0.0461165607 0.284795731 -0.274113417 0.122028261 0.352036059 -0.0545106418 -0.228159457 0.0654641688 -0.158420637 -0.0138362348 -0.258796871 0.130569339 0.246858627 0.314517587 -0.0165208876 -0.0724595487 -0.199318603 0.137650162 0.297433108 0.259051472 0.341942698 0.164421231 -0.0795330405 -0.012960583 -0.154241785 -0.266513139 0.34855184 0.140278786 0.206369191 0.161903232 -0.10338036 -0.208075538 0.143437177 -0.0128064323 -0.145552307 -0.227449685 0.285380214 -0.149728939 0.128024101 0.348512262 -0.00488775969 0.12939629 0.011582314 -0.0848073214 0.141396061 -0.185735554 0.296202481 0.244006306 0.0499471426 -0.167950764 -0.200594008 -0.352367461 0.222409651 -0.181083545 -0.0264317337 0.110021323 -0.0905160904 -0.197241515 -0.132065371 -0.0141809173 -0.0930519253 0.0303440392 -0.28703019 0.311606318 0.142904878 -0.0349249467 -0.265612334 0.251311809 -0.301376939 -0.0233192854 -0.33870697 -0.137698635 -0.280140221 0.14310205 0.112814799 0.191148385 0.197265819 -0.0165842772 0.242885605 -0.321469516 0.318384439 0.0389192887 0.298183113 -0.179489434 0.344895273 0.220267564 0.137535766 -0.0879614949 0.224146217 -0.133916631 0.0893664435 0.187019974 0.260488451 0.0338769779 -0.152568415 0.0567071401 -0.347673297 0.184472665 0.0345866345 -0.263193667 0.107935183 -0.0471432582 0.280807078 0.311968774 0.222967416 0.1331864 0.0129690263 -0.0308588985 0.345096499 -0.278298438 0.19177942 -0.134800583 -0.326945901 -0.0389376581 0.18907693 0.222891778 -0.249528617 -0.0850966945 0.171003148 0.000139594078 -0.0768182874 -0.216034204 0.203199074 0.10827136 0.0716671646 0.135101974 0.0470222235 0.172538251 -0.145060942 -0.127954125 0.107269704 -0.221254602 0.0951520801 -0.282918632 0.278449327 0.269155949 0.13425988 0.343603104 0.300140351 0.196390942 0.21303615 0.095373258 0.17074883 -0.0950612575 0.150184542 -0.0873388276 0.350718707 0.269356698 0.0935569108 0.324365914 0.0776250288 -0.200182348 -0.00495713949 -0.265093476 0.0823812559 0.301486999 0.340748161 0.0173771381 -0.0539996326 -0.0606216788 -0.320615947 -0.189473256 -0.302915633 0.112362325 -0.00912117958 0.133147717 -0.0936042666 -0.30104658 0.0789680183 -0.144542873 0.102056921 -0.27329886 0.24331966 0.0409480333 -0.163740173 -0.0553233027 -0.022641629 0.0226575434 0.0486223698 -0.105094507 0.0536467731 0.305738896 0.150597364 -0.248852015 -0.17120564 -0.317269325 -0.343844265 0.17610839 0.101585843 -0.293952256 0.124630198 0.328584671 -0.129536733 0.190773666 -0.296951681 0.271343619 -0.0507718064 -0.0698574111 -0.315065324 0.0306406021 0.0892929137 -0.278378069 0.101125844 -0.064247489 -0.0504752398 -0.0682837963 -0.218762457 -0.276561797 0.185525507 0.175315648 0.168751687 -0.165748626 -0.329212815 -0.126389623 -0.171606377 0.05353719 -0.199553952 -0.134509563 -0.0546181798 -0.219090551 -0.0340505838 0.066520676 0.0883373246 -0.124648422 0.00493976474 0.199085832 0.264699429 0.223891824 0.256131649 0.229346976 0.158264756 -0.281329215 -0.0516784489 -0.0416434407 0.305070192 -0.151117519 0.0895220935 -0.198213339 0.0472560525 0.257185966 0.299859911 0.317253798 0.177825898 0.0385987461 -0.267877787 0.0392342508 -0.0904761255 0.0907520354 0.314618617 0.346088022 -0.297171175 0.265173256 -0.134163439 0.13572517 0.184178516 0.172683284 0.143885463 -0.0732387155 0.172369927 -0.0837128162 -0.26232937 -0.0170927495 -0.272137642 0.131606638 -0.161068559 0.0294855237 0.290746838 -0.239803761 0.325894028 -0.313208222 0.203454822 0.0800360143 0.019990176 0.148677498 -0.305970103 0.167317957 -0.265277326 0.141492188 0.00536471605 -0.114371702 -0.193720058 0.298844665 0.3019512 0.0728856847 0.10540054 0.141741693 -0.0865232646 0.22184889 -0.0287760198 -0.12076737 -0.184170932 0.0393015146 0.149208069 0.230008602 0.310785443 0.085452646 -0.0306019783 0.3501046 0.283148617 -0.13471809 -0.0251353793 -0.196815014 0.274608135 -0.016089296 0.0951398611 -0.0141910007 -0.326811492 -0.327747554 0.229329094 0.145968735 -0.21719119 -0.204513371 0.0349983275 -0.322462171 0.140808538 -0.197623625 -0.0801699758 -0.153001651 -0.0493037105 -0.139633015 0.0656896532 0.19985953 -0.0752661824 0.128756672 0.189798981 -0.20399791 0.014929086 -0.0131373405 0.0214141309 0.0783770382 -0.331508487 -0.117963254 0.273498595 -0.297459215 0.0615626425 -0.108648695 0.218287021 0.0360162482 0.238018066 -0.0305947363 0.15616332 -0.0230754055 -0.347268462 -0.148853227 0.116496235 0.352106541 -0.105593346 0.32623288 0.260954291 -0.274251461 -0.351875186 -0.0881336033 -0.161325738 -0.0786708891 0.309903234 0.174299985 0.188646942 -0.0631573796 0.144665927 0.318153054 -0.0274508297 0.150988489 -0.310078561 -0.289664567 -0.189796612 -0.169769183 -0.0370141268 -0.0381721556 -0.284965128 -0.0155225992 -0.235081211 -0.27420485 0.235212952 0.109130651 -0.084743917 -0.240910798 0.0231611133 0.316762894 -0.246831834
tensor_densebias0 32
-5.81509121e-05 -0.00060371327 -0.000556920015 0 -0.000752209686 0.000157059025 0.000423137768 -0.00100650056 0.000148678169 0 0.000442135031 0.000749145402 -0.000485488388 1.57814939e-05 0.00033198751 0.000338432379 0 0.000292982149 0 0 2.34058261e-05 0 -0.000665195927 0 -1.65930742e-05 0 -3.0870091e-05 -0.000270818564 0 0.0011703968 0 0
tensor_dense_2bias0 8
-0.00181704503 0.00249527418 0 0 0 -0.000642637082 0 0
tensor_densekernel0 2048
0.135027692 0.0198877659 -0.0658354461 0.173625469 -0.162793964 0.0854052007 0.0503070131 0.0707213953 0.190330684 -0.193212509 0.0359459929 0.0995637774 -0.0155588528 0.014945331 0.165225223 -0.178729728 -0.234734833 0.105878294 0.248581588 -0.00520241261 -0.0954185054 -0.038374722 -0.10399814 0.191947341 -0.0631781667 -0.199076891 -0.14810133 0.20370768 0.230820179 0.238782167 -0.107857645 0.0527347326 0.0951400548 -0.00506520784 0.109479047 0.0326388478 -0.191372931 -0.0727292076 0.240150779 -0.0985362157 -0.0454286523 0.100382864 0.201371178 -0.208348081 0.0884377733 0.116005994 0.064923577 -0.00877484772 -0.0471186638 0.0708436891 -0.0827222466 -0.234476924 -0.0630673841 0.00361526012 0.248050973 0.182834923 0.228196353 -0.0363900661 0.0769233704 -0.135395631 0.211115539 0.146638766 0.0583337545 -0.0223180652 0.178345487 -0.112510003 0.104396306 -0.243687451 -0.057872083 -0.0507876612 -0.185514972 -0.0719456077 -0.167459264 -0.0372052789 -0.0855870396 0.205337927 -0.000418303913 0.100661956 -0.0441212244 0.154017448 0.0366287231 -0.233149052 -0.214490116 0.229063213 0.068216525 0.14447844 0.171940863 0.0169526935 -0.202459797 0.103960454 0.0896156877 -0.0304683875 0.070704937 -0.0703448355 0.215925813 0.186988235 -0.134046435 -0.0327377804 -0.106144689 -0.137006402 -0.0395515189 0.101627044 -0.142274037 0.174603328 0.193821371 0.0872532725 -0.183782101 0.127511919 -0.109248027 0.154287249 0.0306669567 0.223344266 0.136918366 0.0718030706 -0.00912111998 -0.0250703692 0.198559418 0.101611614 0.0320775844 0.0769311786 -0.0378682017 -0.188038886 -0.244530588 -0.125305161 0.0541805625 0.0625100657 0.095597744 0.211705446 -0.167977363 -0.116647199 -0.0897589773 -0.233724773 -0.0675328001 -0.225511655 0.175870582 -0.134239599 0.218358889 0.174626529 0.0420336835 0.197127178 -0.00782853924 -0.152440608 -0.00111370289 -0.224081799 -0.0520916581 -0.0296329893 0.0851836205 -0.240434587 0.181712985 -0.0719137788 0.163943112 -0.118178129 -0.229023531 0.249355793 -0.01732409 -0.0042870976 -0.0770801902 0.0331794843 -0.24024415 0.213443398 0.142913058 0.150509983 0.036133524 -0.0469235778 -0.0758477375 0.22445856 0.0205332953 0.172139004 0.0731112435 0.218082428 -0.108914696 -0.178489223 0.0643671975 -0.0825603977 0.130018607 -0.0519420132 0.219737887 -0.0894060582 0.078312695 0.172749579 0.0307406615 0.0412997603 0.0302958786 -0.0338611007 -0.161493346 -0.0016271472 -0.0443858951 -0.0824300423 0.12140137 -0.103484482 0.0405579805 0.206958294 0.14761804 -0.209796965 0.130499363 0.18715179 -0.017632816 0.197327495 0.0895050913 -0.164277807 0.147762746 0.240454912 -0.145325482 0.248570934 -0.0661544725 0.209725469 0.112334885 0.201506808 0.00583052635 0.180320174 -0.109322071 -0.151530027 0.223693818 0.0898047686 0.024172863 0.0517511368 0.18112272 0.0226462483 -0.118414082 0.232830331 -0.172903657 0.247544348 0.155382276 -0.161795795 -0.0307316482 -0.226086885 -0.0116418833 0.158158839 -0.237923011 -0.159741402 -0.171230271 -0.171806604 0.246731564 0.147696733 -0.224437356 -0.0614740588 0.158358112 0.0176343378 -0.12758787 -0.135301262 -0.226405323 0.105192438 -0.184740186 -0.144153833 0.0783304572 -0.130316615 -0.180413604 -0.153033674 -0.155587882 0.0998854041 -0.244417459 0.0111075062 0.0959867835 -0.231524393 -0.227214634 -0.219640911 0.072578311 0.180402622 0.1445245 0.188970625 0.0812692642 -0.133341134 -0.0986494943 0.0125911701 -0.176358506 0.210227609 0.0066213333 0.143998101 -0.0323272645 -0.192034677 -0.0588282086 0.245096609 0.0220917463 0.141969681 -0.0183460116 -0.210133553 0.109775275 -0.241172135 0.024864655 -0.128121853 0.077670224 0.144970894 -0.092708759 0.0883948505 0.224066436 0.0458375067 0.141782939 0.103435159 0.219678372 -0.0115836272 0.037640512 -0.0133497119 -0.0325701684 -0.194220826 -0.191892743 -0.190183669 -0.0762495473 -0.160973907 0.202460155 -0.00198393548 0.210392609 -0.145369634 -0.174160391 0.234939426 0.205884993 0.191953599 -0.158806205 -0.139713764 -0.165994257 -0.171585977 0.136591449 -0.150903165 -0.0360316299 -0.132668555 -0.113883987 -0.00413479004 0.135404646 0.0258937851 -0.158698976 -0.178836048 -0.211069986 -0.122206032 -0.174825415 -0.107210994 0.155980974 0.0298278518 -0.238604769 0.202337638 0.125458062 0.0529024601 0.15930678 -0.0138914939 0.0903353021 0.137922809 0.0827384815 0.134263799 0.203030646 -0.204042479 0.199025035 0.155563235 -0.0296123456 -0.119665742 -0.0618293285 -0.0649115443 -0.0984669253 0.103955984 -0.149172768 0.21330142 -0.083386898 -0.00678322464 0.183567524 0.117742598 0.149743229 0.154510379 0.239408225 0.095567286 0.186189398 0.245887861 -0.145465761 -0.14088966 0.188601196 -0.0471476912 -0.202908799 0.0303076524 0.0568533018 -0.157812446 -0.108256832 -0.0349837318 -0.117244899 0.0325367823 -0.058850646 -0.0268270373 0.0757146105 0.18809402 0.0170032941 -0.0274122953 -0.229849279 0.237960756 0.188591167 0.215319142 -0.189662516 -0.189306363 -0.209067047 -0.0066280365 0.169493377 0.155191734 0.0432588048 -0.0969624519 -0.0452229902 -0.0295398589 0.235036656 -0.23213169 -0.0996768475 -0.149887264 -0.177183017 -0.247802585 0.149304748 -0.134185374 0.124438569 0.221353278 -0.0230044723 -0.190124914 0.00131326914 0.152946055 0.0851891041 0.195338726 0.098672308 -0.18455261 -0.10336332 -0.0440872312 -0.0320685208 -0.0204586163 -0.132898271 -0.119041122 -0.0804619193 0.0737836957 -0.147344768 -0.0553956553 -0.108846091 0.0639466643 -0.22994943 -0.12673749 0.119576894 -0.201288745 0.177548349 0.24269563 -0.237877324 -0.180603594 0.242238685 -0.210520163 -0.235191852 0.194462612 0.198486328 0.176868767 -0.238943875 0.00998997688 0.0806747228 -0.0255363584 0.186590374 0.226521909 0.018532902 0.217484891 0.150233611 0.127330109 -0.234363735 0.0569091551 0.0537714958 -0.0945190191 -0.246629715 -0.0844178572 0.00860394072 -0.231045783 0.220405087 0.196167618 0.15727222 0.0835154057 -0.13344577 0.0333282351 0.176196665 0.0465109088 -0.0945391133 -0.19911626 -0.0776797384 0.0326849557 -0.186280608 0.0495974682 -0.0477623343 -0.0868394971 -0.197323069 0.244631529 -0.178133115 -0.181063533 0.122647494 -0.09681952 -0.000232063248 -0.0790454298 0.0391659141 0.165986791 0.148512125 0.231957793 -0.0489593334 -0.194369137 -0.0456315726 -0.0814855695 -0.110521838 0.0772119984 0.213703632 -0.0977529436 0.225056723 0.0259668231 0.0868494362 -0.137638852 -0.224189401 0.0369254611 0.100542463 0.116536357 0.1914078 -0.19506833 0.0759225488 -0.0988935232 0.224008173 -0.223093092 0.129956782 -0.0425450802 -0.138955534 -0.236717999 0.204331249 -0.0568021461 0.181375861 -0.212420478 0.225796163 0.176687837 -0.149118602 0.157696754 -0.0548416451 0.217274725 0.246535599 0.158113137 -0.0401841849 0.238631576 0.225630805 -0.124537945 0.227554008 -0.013068283 0.179336444 -0.209877253 0.136294305 0.0327015072 -0.221962333 -0.0875671655 0.180676222 0.0759767294 0.0571219213 0.234853148 -0.109599091 0.178650558 0.0719654188 0.0494167805 -0.247798294 -0.187766999 0.198882639 0.126476318 -0.181546271 -0.236252427 -0.197617233 0.0898150504 0.144628763 0.107694924 0.0991887748 -0.184825674 -0.198953763 -0.0923606753 0.197301239 0.130874217 0.0512002148 -0.22553362 -0.0937930644 -0.0867051631 -0.209246337 -0.164753005 -0.010540843 0.144226357 -0.100650132 -0.0422865152 -0.117562912 -0.190556288 0.154037684 0.00413107872 -0.0436577387 -0.125286102 0.091296576 0.168651983 -0.119833946 -0.229335949 -0.0847437978 -0.155376077 -0.142457724 0.148059949 0.0858136639 -0.0627483726 0.117637329 0.143822685 -0.0422600731 -0.173199549 -0.246897548 0.048502624 -0.15872322 0.143433139 -0.158131719 0.039896369 0.0413188785 -0.241612792 -0.24365592 -0.0436167307 -0.0195255876 0.0928586125 -0.235028967 0.2419734 0.105944283 0.120162189 -0.0396832153 0.0222680569 -0.00909514539 -0.247268096 -0.0919123292 0.12723951 0.184915543 -0.071677506 0.0262336861 -0.210836887 -0.0836246833 0.234078825 0.14451918 -0.0500308387 -0.117891885 -0.0972289219 0.231454283 -0.156917751 -0.200127989 -0.070889622 -0.0652993545 0.12205442 -0.099554494 -0.0370471887 -0.204788208 0.2446706 0.0458685756 -0.114804447 -0.0704191923 -0.113699377 -0.0634678379 0.0592965484 0.108318344 -0.115181506 -0.19623296 -0.211504668 -0.05070436 0.138552368 -0.1426211 -0.123437762 -0.00609097164 -0.147616699 -0.0389795899 0.185149133 -0.00151613052 -0.1860466 0.236180291 0.2363379 -0.0207204763 0.133184433 0.0705897436 -0.186392814 0.143957525 -0.170033813 -0.0211207867 0.170782819 -0.0370963812 0.0986732692 0.114237368 -0.186576188 0.0128962696 0.0155644417 -0.118780471 -0.182495594 -0.00196234789 -0.223216891 0.200452834 0.0336763263 0.102065206 -0.119868658 -0.0411916375 0.178405344 0.179874137 0.13265647 0.15837574 -0.156342447 0.229216307 -0.0349013805 0.166073918 -0.00721721724 0.0954281911 0.216817737 0.122891679 -0.162403449 -0.121331505 0.141875699 -0.118466906 0.0212314706 -0.124443829 0.021628961 0.0379610658 -0.129216373 0.106629983 -0.140508711 0.0941760838 0.129007995 -0.103448264 0.220315218 0.188932091 0.202449247 -0.193753481 0.168348432 -0.018397212 -0.112684011 -0.193843782 -0.0730035156 0.0460214429 -0.143090308 -0.0357463881 0.129626855 0.102881439 0.0640259609 0.176581964 0.0604210496 -0.109380849 -0.120434523 -0.174512967 0.215985045 0.237379298 0.0492163375 -0.15683645 -0.200082615 0.0428386331 -0.132012486 -0.0418849327 0.0530592799 -0.205865979 -0.0895107388 -0.235549793 0.21023351 -0.117891133 0.102371916 0.246910095 -0.196787477 -0.149262488 0.124133945 -0.220143899 0.0929091647 0.0620108806 -0.18013227 -0.189470693 0.0858836994 0.00821345393 0.170620769 0.190457135 -0.0534632802 0.193544939 0.0753454641 -0.132464185 -0.0555156507 0.180098116 0.180361062 0.0446038246 0.183491588 -0.212472975 0.16370827 -0.0981597379 0.228575408 0.231079385 -0.128410339 -0.179619327 0.214069843 -0.0262727533 -0.057673309 -0.0289896131 0.195942983 -0.132084489 -0.0889847875 -0.131419748 -0.0603161305 -0.212159649 0.116351128 -0.22359772 0.18283464 -0.143310085 -0.129545942 0.170606464 0.0525249243 0.143475562 0.164491206 -0.0159286615 0.0377205312 0.00607028184 0.230034426 -0.220119357 -0.0227093268 0.109672964 0.0122196078 -0.156979918 -0.124864697 0.134543583 0.183234036 -0.0162773915 0.102725446 -0.0337824374 -0.239948153 -0.0361963511 0.0775814056 0.205182314 -0.142987788 0.0269010011 -0.0472042449 0.241362274 -0.140814483 0.210605845 0.205577672 -0.234993637 -0.0771409571 0.233000964 0.247680485 -0.0109017445 -0.10304749 -0.0341079384 0.140618682 -0.0926954597 0.0987051055 0.187714458 -0.125280216 0.0718231201 -0.194359362 -0.120808728 -0.197320819 0.231525019 -0.00602263212 0.0714417845 -0.15370816 -0.108815685 0.0338468105 -0.197890043 -0.0682639927 -0.12087822 -0.100823283 0.15869084 0.129123807 0.0146654136 0.15560168 0.101322502 0.217875496 -0.0300053358 0.0344571546 -0.242478728 -0.179287672 -0.00561911659 -0.0775092691 0.0208863784 0.235707536 -0.130012795 -0.124160461 0.186674654 -0.23104772 0.118029416 -0.207939267 0.0902959704 -0.0662536621 0.0233368985 0.175721705 0.0200235453 0.191079974 0.196306229 0.12725988 -0.00106960535 -0.117527001 0.0972919464 0.183687091 0.193192407 0.191057473 0.164801285 -0.00252348185 0.169701084 -0.190729752 0.127048627 0.201743498 0.0845865533 -0.202357888 -0.0945330113 -0.00885354355 0.0679950565 -0.159812406 -0.171369687 0.0126629788 0.0455035567 0.165552706 -0.0254784822 0.242618024 -0.00584226381 -0.110024571 -0.0255926214 -0.160830557 0.169898942 0.164740384 0.204785556 0.12380407 0.0549504757 0.107049733 0.114214182 -0.245581925 -0.222349986 -0.0810709596 0.0139673362 -0.247348309 0.14202258 0.113246098 0.0331561677 0.117905281 0.184956595 0.0850301981 0.0459149554 0.11929208 0.015434416 -0.0649703816 0.215696305 0.109509371 -0.153098285 -0.00187877915 -0.151237309 -0.156944811 -0.0528730899 -0.0419251919 0.0496100485 -0.108405292 -0.105644152 0.0781919956 -0.242748573 0.184079722 -0.156701922 0.120035924 -0.0965883136 0.0323579311 -0.125700921 0.112097375 0.145816445 0.247071385 0.187007904 -0.0424347781 0.0778500512 -0.14778775 0.0515782163 0.115424395 0.0252514984 0.156848177 0.102000274 0.126228258 0.20504348 0.136627331 -0.177402079 0.204253569 0.0209447742 0.173916042 -0.0909096375 0.0258284807 0.193751395 -0.0907580256 0.0355195142 -0.098682642 0.241245151 -0.00789367408 -0.128464043 -0.18330653 0.147121727 -0.118409574 -0.180591807 0.159809873 0.248526603 -0.0526379943 -0.101562895 -0.247297227 -0.179755896 -0.19039987 -0.219021097 0.202216327 0.160023198 -0.066467911 0.0808722004 0.0204894897 0.137342125 -0.24913612 -0.216095865 -0.169466764 0.0265582204 -0.0925258994 0.110793032 0.0941642523 -0.0531753637 0.132991672 0.212547153 -0.110757709 0.0598762073 0.0548909903 -0.184671104 -0.0105095431 -0.164273918 -0.105887413 -0.0931271762 0.124267481 0.105327971 0.02593261 -0.0029647646 0.159466505 0.1086917 0.216575697 -0.155543521 0.00631898642 0.210756853 -0.00133846095 -0.0817205533 -0.079384774 0.139697418 0.210429981 0.240477264 -0.0863301232 0.187134862 0.06775105 -0.075260818 0.136470497 0.0364147462 0.244366169 -0.206210673 -0.210606873 -0.0428135917 0.189175442 -0.200962722 -0.0718257353 0.240415394 -0.126910329 0.227556601 -0.0240556579 0.147228524 0.103762209 0.196746886 -0.187537804 -0.174798667 0.00429660222 -0.0269766487 -0.072750628 -0.145861998 -0.0295855831 0.151735276 0.101315036 0.0439648144 0.00535286497 0.235182822 0.00509417988 0.202561855 -0.153292179 -0.241066203 -0.0983063579 0.233064383 0.104782999 -0.0757205635 -0.207326055 0.0327282697 0.0267512407 0.123331249 -0.0358678363 -0.237208068 0.201690376 0.117726155 0.206977159 0.0234263223 -0.218568027 0.0726188347 -0.142237604 -0.168156937 0.158231169 -0.0845660344 0.126693249 -0.213374242 -0.140675113 0.0459682122 0.0865254551 0.107049927 -0.11240162 0.0946440697 0.0784362182 0.193359494 -0.206286848 -0.205939159 -0.100745499 -0.239029169 -0.235163808 -0.138742059 0.208197534 0.215606123 -0.22393474 -0.206176698 -0.181018203 -0.00487959385 -0.140149534 0.0271198507 0.0624057315 0.182280138 0.138988912 -0.00620660931 0.0643070713 0.0526618324 0.160584152 0.161634848 -0.163421452 -0.142814413 -0.0658346862 0.103163734 -0.0904967561 0.113147244 -0.0467791148 -0.180995762 0.117607668 0.10848099 -0.0424953103 0.147372097 0.033071816 0.211727485 0.167652488 0.109500773 -0.10176897 -0.0924327001 0.189118117 0.0177522302 -0.196096793 -0.00997269154 -0.18447715 0.236216396 -0.186249465 0.0772450194 0.13498342 -0.240618333 -0.0268933829 0.0960930362 -0.223352194 0.105615601 0.10970515 -0.0581919439 0.00241211359 -0.0296873711 0.0741374046 -0.14586997 -0.213597283 -0.218236685 0.237258539 -0.229540884 -0.140865266 -0.073637262 -0.235422313 -0.0550256483 0.173355639 0.132289559 -0.225296855 -0.0326050781 0.191408604 0.0400614142 0.0246048179 -0.0748031139 0.0460659266 0.118075415 -0.126945421 -0.0356327258 -0.237229288 0.0202357527 0.168077081 0.0427819677 -0.183403254 0.0658285767 -0.135439456 0.247474447 0.044617366 0.127117038 -0.011157902 0.247573942 0.124100268 0.198478758 0.231305614 -0.239036083 0.00864231586 -0.185505792 -0.242617369 -0.148165762 -0.0194340348 -0.0430258326 -0.213917196 -0.0566026568 0.126749352 -0.0767554641 -0.0445292853 -0.147775054 0.0424122214 0.151467592 0.0299665257 0.0570795611 -0.243054509 -0.237753406 0.161762059 -0.0258893706 0.202790782 -0.0436296426 0.0624930859 0.0421413668 -0.154198647 -0.245100349 -0.127355665 -0.153284043 0.0157322213 0.225957513 0.0866361037 -0.0434781313 -0.166133165 -0.0140681257 0.246280611 -0.0121364854 -0.0538700223 -0.0859814957 -0.0969774723 0.112387009 -0.0370515212 -0.136954904 -0.179637223 -0.114192426 0.139580488 0.115087159 -0.16375272 -0.110131726 0.191344023 0.0264382269 0.204078361 0.00608570362 -0.087326929 0.0690548122 -0.173087001 0.207843825 0.234912485 -0.082287319 0.00637642434 0.201087117 0.216588676 -0.167282045 -0.0393999442 -0.169595063 -0.153387904 -0.0390881486 0.0833876133 -0.118001372 0.232274294 -0.067940034 -0.224071264 -0.167042896 0.179192722 0.179200053 0.14699699 0.0304149389 0.061603725 -0.17018944 0.214788988 -0.227923974 0.0487519503 -0.015625136 0.200193301 -0.120100349 0.114240371 -0.217786998 -0.167755067 0.0428604856 0.240615949 0.207571164 -0.223270074 0.0568397492 -0.034455359 0.0554481745 -0.126612812 0.017318368 0.103641212 0.238608703 0.213756859 -0.212505832 -0.204370141 0.0711060241 -0.0928624868 -0.0244229026 0.214028448 0.0117340088 -0.205925032 0.187330186 -0.0309594274 0.121418066 0.0566295534 -0.0326633193 -0.0946279168 -0.232969046 -0.05521366 -0.0926498026 0.0869566873 0.0870740861 -0.214680731 0.227367386 0.04489474 0.189120054 -0.216565967 0.228985205 -0.200212821 -0.236616433 0.0113369953 -0.192999244 0.0255504847 0.178193495 -0.00886768103 -0.15218395 -0.0664291978 -0.222728685 -0.113817394 0.0659639984 -0.128465652 0.0206458569 -0.125509396 0.124524534 0.0643881559 0.20157516 0.0518206134 0.230630904 0.0236524343 -0.21373564 -0.0340619572 0.0517657027 0.0754976124 0.0429201685 -0.0148100257 -0.15424186 0.160177752 -0.0275788847 0.0966031253 0.0566672832 0.0735885873 0.062922895 0.0430192724 -0.173729956 -0.0136360526 0.0718665868 -0.180246532 0.0337351412 -0.0874448419 0.223737702 -0.221882045 0.205406532 -0.000554747006 -0.0928431153 0.242819935 -0.0526653528 0.242553771 0.0747448429 0.197821587 -0.133430749 0.240255594 -0.0806039125 0.014446374 0.241136596 -0.0389864072 0.107300282 0.112805605 -0.00368200382 0.1940597 -0.140420482 0.0876155347 0.0405777507 0.19267033 -0.205682099 -0.0567780659 -0.0308864117 0.0385194421 -0.229424015 0.00679856539 -0.00732929679 0.0173446536 -0.168032587 0.0248634219 0.0827999264 -0.183247223 0.0164778829 -0.0898933858 -0.226836443 -0.117454052 0.0245443974 0.17408666 -0.0672957897 -0.00278538465 -0.244161233 0.0573046356 -0.221618906 -0.183905527 -0.14349179 -0.172441781 -0.15736787 0.226345554 0.0375081599 -0.0759944618 0.113648556 0.127224147 0.196246147 0.0366216376 -0.0390772223 -0.209967554 0.0237763338 0.195502818 -0.212678418 0.111535132 0.0648356453 0.0457530022 0.191312939 0.135659069 -0.090074122 0.141748533 -0.164526641 -0.227232575 0.0535900183 0.200510114 -0.0336624347 -0.225637257 0.163779765 0.0157189369 -0.211793602 -0.236002684 -0.0144777866 -0.0601034164 0.199459776 0.0859822556 -0.241640732 -0.0617556535 -0.031399373 0.100411005 0.0271248221 0.174637556 0.0571042895 -0.160624802 0.0185720678 0.174606979 -0.0177276041 0.203405261 0.00430702558 0.236799181 0.0607230924 0.0396030657 0.16288197 0.0158821922 0.249012709 0.018468082 0.17640461 -0.0654743016 -0.109255925 0.0368822217 0.207139373 -0.044478368 0.101559311 -0.044987902 -0.241306022 0.149869084 -0.180580422 -0.153504699 -0.00978198461 0.104010306 -0.135968968 -0.217727453 0.082506597 -0.209613696 -0.114061475 -0.000862896442 0.176126897 -0.0944014788 0.0180349108 0.0297724605 0.133518919 -0.12874496 0.00164965144 0.155007243 -0.194344103 0.190836221 0.1802001 0.227200329 -0.0450513326 0.182787955 -0.0762521401 0.192412436 -0.0332724229 0.123354629 -0.0531322658 0.0728664622 0.173521101 -0.239879608 -0.086206302 0.248792872 0.233199194 0.0967669785 0.00330427731 0.190245226 -0.0898361802 -0.190309435 0.158285499 0.159696221 -0.08669772 -0.210111618 -0.178282022 0.0843882561 -0.120596439 -0.240050197 -0.108012058 -0.19448477 -0.121305227 0.222457722 0.2204777 0.107988238 0.0751363561 0.123604774 0.103524946 0.0943929553 -0.0506101958 0.029992763 0.175637946 0.172192976 -0.0412211418 0.197729051 -0.0923774615 -0.195402399 0.235825673 -0.0993485898 0.194175661 -0.0994774625 0.191875994 -0.194009736 -0.237332761 -0.184690535 0.0110835657 0.177675068 0.239403427 -0.0957248211 -0.0203975812 -0.199544251 0.0632451549 -0.0423950292 -0.108562887 -0.0821554735 0.183597684 -0.0307309628 0.233061224 -0.0790700316 0.121232346 -0.165310085 0.213682786 -0.117001295 0.186841577 0.100648783 -0.179173648 -0.0506991148 0.166222781 -0.176399767 0.114919186 0.122968085 0.0330151543 0.214146778 -0.0508527756 -0.116633564 -0.179596245 0.100107193 0.198599264 -0.128486156 0.0510972142 -0.13355881 0.0959373862 0.0262420177 -0.137348905 0.198424652 0.137481928 0.175867677 -0.243510187 0.156933129 0.103271827 0.0197963007 -0.0541866608 -0.225303769 0.231557265 0.131302491 0.0924515352 -0.112732403 0.103564538 -0.221330762 0.130603686 0.063758105 0.0111823231 -0.192362264 0.246435031 -0.161926121 0.0417639613 0.244280279 0.0351768136 0.196987331 0.118707523 0.125659168 -0.0517978407 0.122085035 0.213398606 -0.000298678875 -0.183848381 -0.00549987564 -0.181875527 0.0529870056 0.0663753748 0.0992283821 0.00615864992 0.178768337 0.0152937984 -0.209801018 -0.14414461 -0.0426890142 -0.097649768 -0.178053901 -0.228096962 0.137930453 0.0797901079 0.0985474363 -0.177874193 0.215506583 0.22717084 0.0587269962 0.104938328 -0.235792235 0.0614593625 0.0497011542 0.190256819 0.0971341133 0.136818126 -0.168858171 0.00920876674 -0.249342024 0.0891267359 0.125313535 -0.128996134 0.22772643 -0.11006403 0.0423095822 0.0263596587 -0.169182286 0.0684072822 0.0633991957 0.12906912 0.15260832 0.0427615009 0.098005861 -0.143446103 0.0441151857 0.175786778 0.0704870373 -0.0801551864 -0.124460638 0.102249309 -0.190221623 -0.16927886 -0.0352565944 -0.0854921341 -0.0537751913 0.0613415092 -0.079300046 0.248934478 0.0927931666 -0.186001271 -0.164578259 -0.173887342 0.0536304377 0.17842716 0.185709789 0.0280181766 0.23933351 -0.174068451 0.146843061 0.0804804191 -0.12519592 0.110116214 -0.152483523 -0.233195007 -0.13269721 0.144383013 -0.1408934 0.134819999 -0.0122517198 0.199570462 -0.0900848359 -0.200041488 -0.0048440164 0.218828559 -0.204186052 0.00229120255 -0.200470507 0.105055511 -0.0349846482 0.0231784657 -0.106224656 0.224978015 -0.169806778 0.0769668594 0.245418459 0.248412192 -0.0222380348 0.0185277462 -0.222680569 -0.0159213059 -0.188018665 0.217826322 0.0668364763 0.0322147235 -0.193836883 -0.0689531043 0.180340856 0.13942197 0.116914809 0.244936436 -0.00998579059 -0.188237354 -0.0971984938 0.228345066 0.216225296 0.17885834 -0.147967517 0.184617996 -0.209396839 -0.248007283 -0.165960312 0.109388284 -0.180110872 -0.168519363 0.0880973339 0.196786687 -0.232430056 0.176199496 0.15418978 -0.249504387 -0.0759087801 0.244690731 -0.143299252 0.0666693598 -0.152908444 0.11061649 -0.241796136 -0.0635756403 -0.0162693392 -0.222356766 -0.199990213 -0.199544802 0.0432194732 -0.173886538 0.0556767248 -0.0215462036 0.104240865 -0.235618353 0.230402663 0.0478012562 0.00776690245 0.247554615 -0.0446457863 -0.235464543 0.0538062453 0.0364018418 -0.112067401 0.245100528 0.171180055 -0.0367975831 0.0144321546 0.0467963815 0.099573791 0.116050079 0.219454974 -0.142417923 0.0423257351 -0.141375676 0.220858157 -0.113643952 0.207487151 0.154127225 -0.24922955 -0.187997252 0.144951329 -0.121698342 -0.137206718 0.199341163 -0.0536449701 -0.170812249 0.0598818883 -0.137854874 0.085205853 0.0589472018 0.155499637 -0.166334838 -0.0568488836 0.0487877242 0.080521822 0.0927215368 -0.0684934929 0.0941250324 -0.169143677 -0.0254644156 -0.0979583263 -0.149145305 -0.229410544 0.077620469 -0.145909131 -0.00514676515 0.0805381313 0.22449097 0.0141344424 -0.0827624202 -0.23522526 0.109940588 -0.187629178 0.0344069786 0.0244550128 0.0745848864 -0.0701538026 -0.222799301 0.218128502 0.107684016 0.00371050835 0.11810749 0.14655596 -0.154620528 -0.0179461837 0.231701612 -0.109517813 -0.0139692202 -0.0565483049 0.0217280984 0.227231547 -0.084225595 0.00557601452 -0.00328881503 0.0634267554 0.133692458 0.0669356585 0.024879761 0.0125048654 -0.0201140884 0.175203383 -0.100326419 0.0474863052 -0.204658911 0.159094676 -0.199820951 -0.0856963545 0.0365791693 0.0795430094 -0.0607666373 -0.0309359487 0.00367730856 0.218144655 0.0752008483 -0.122240424 0.0731665865 0.195851624 -0.15313229 0.0656000376 -0.215609953 -0.0544735938 -0.114743769 -0.0544203445 0.241595209 -0.159568191 -0.152243137 -0.112908319 0.182629511 0.0394335389 0.0745856911 -0.121067204 0.00511518121 -0.198962629 0.141877681 0.00296080112 0.120987691 0.18134445 0.187537998 0.167450979 0.151135519 0.0899504423 0.208914578 -0.178850964 -0.222022057 0.0357505083 0.104577154 0.0160560608 0.244425505 -0.204653502 0.159470007 -0.019878149 -0.000394533243 -0.0212449525 -0.238928139 -0.2471582 -0.139911175 -0.170443475 0.212317929 -0.0515919924 -0.0277123526 -0.221442521 0.0684007183 -0.0798837319 0.109582536 0.201612577 0.0954854265 0.0725861192 -0.235039026 -0.0290206764 -0.143761307 0.0420173705 -0.246177107 -0.19123587 -0.132047474 -0.0829063877 0.241826534 -0.0437799692 -0.217333272 0.172286749 -0.208978429 -0.0605224371 0.116595902 -0.0376546979 0.00621083193 0.0445205159 -0.247294843 0.0854076892 -0.0430881977 0.00272923708 0.2082856 0.138922632 0.147410989 -0.0363232493 -0.196674034 0.116742775 0.249526262 -0.000647785841 0.0736200809 -0.105927348 -0.23427704 0.155642539 -0.0670023784 -0.0548387021 0.0157974027 0.0404135399 -0.0263226032 -0.0358399227 0.083645761 -0.215148389 -0.172303706 -0.135124922 -0.0440969951 -0.0763683319 0.0971472934 -0.171320498 -0.0323137343 0.216407508 -0.10622108 0.0151115768 0.0113793612 0.0642979145 0.216584161 -0.0270841457 0.0395451523 -0.0521401167 -0.230771706 -0.170243099 0.0513958596 -0.0284685269 0.0407517366 0.00153917074 0.178769022 -0.073905848 -0.114601299 0.110111564 0.124726459 0.0037520146 0.048899889 -0.0715144053 0.151390314 0.187701583 -0.0122061893 3.22461128e-05 0.238418981 -0.0465864539 -0.208553016 -0.102398276 0.0833901167 -0.152614132 -0.240338802 -0.0858149379 -0.102626145 -0.142797589 -0.0563010909 -0.0579476655 0.237046003 0.226801097 -0.055951599 -0.0490548424 -0.230775878 -0.0789100826 -0.170466557 0.0402950644 -0.0379741304 0.178422794 -0.104335882 -0.0100248409 0.0626531616 -0.219718888 -0.0243816972 0.120013982 -0.20532161 0.0187889934 -0.2362912 -0.103452444 -0.211399779 0.028583765 -0.232382491 0.203198731 -0.174003005 0.14558579 0.0526622534 -0.0376201086 0.159436882 0.0645323992 -0.112526819 -0.230397716 -0.229424566 0.0840478539 -0.134668306 -0.060984619 -0.131021529 0.0300699212 -0.0164848641 0.123740137 -0.175119504 0.205575317 0.16204448 0.219055101 -0.242767647 -0.23047246 -0.0705846548 0.0126454523 0.174258888 -0.188886046 -0.189548522 0.229699075 -0.125147983 0.230513036 0.124549687 0.0429336429 0.0489448234 -0.0259347558 0.105996549 0.1737165 0.13094914 -0.157329798
