tensor_dense_4kernel0 32
0.00403587986 0.526532471 -0.424157023 -0.443476796 -0.604886472 -0.414138019 -0.51818347 -0.47352463 -0.217198119 -0.424530089 -0.565458834 0.422607273 0.141473874 -0.556802154 0.32173577 -0.178434029 -0.12492203 -0.130149722 -0.343050659 0.348805726 0.292452335 0.710412145 -0.649151742 0.459873915 -0.0688111633 -0.181058645 0.277668834 -0.385724783 -0.527595401 -0.121556401 -0.432221502 -0.0312208533
tensor_dense_3bias0 8
-0.00967361405 -0.00921370089 -0.00811439659 -0.0100064166 -0.00860611722 0.00962826237 -0.00562912319 0
tensor_dense_3kernel0 128
0.181312531 -0.378739536 0.342055231 0.436762571 0.265344411 0.354725063 0.456365496 0.228454232 0.00274967658 0.263805389 0.27219215 -0.107849248 0.479686767 0.417968363 -0.102172367 -0.100924015 0.186330929 -0.26570031 -0.394117385 0.0431819819 0.152358979 -0.362795353 0.236173213 -0.0953812599 -0.490671307 0.08789967 -0.409118086 0.475692004 -0.363430649 0.375161499 -0.0109602911 -0.487840533 0.0419840813 -0.280402303 0.118722677 0.22982502 0.421440721 0.174126983 -0.43088901 0.137183666 -0.216179729 0.39493984 -0.462890893 -0.460081547 0.308286875 -0.220389336 0.272329181 -0.130577683 0.074819088 0.30914557 -0.0213363171 -0.12940836 -0.37291801 -0.258767486 -0.439201593 0.460771322 -0.440440536 0.279572845 0.251592159 -0.361759663 -0.028380394 -0.256984234 -0.0271533728 -0.227736235 0.113499284 0.322178364 0.0607920885 -0.0378365517 0.400776625 -0.176767707 -0.350710988 0.277251363 -0.382269144 -0.0118688345 0.073540926 0.142567277 0.113752484 -0.490800142 -0.245265961 -0.130703688 0.321817517 0.0459406376 -0.198836923 -0.1779778 0.15118444 -0.255489826 -0.0186902285 0.455370903 -0.0541700423 -0.00337213674 0.336593151 -0.203508541 -0.400390655 -0.108581886 -0.244966701 0.163674474 -0.364475548 0.306658447 0.226041466 -0.00389162311 -0.430195719 0.207680002 0.147107542 -0.468000412 -0.0257488489 0.463703394 -0.469413638 -0.449708104 -0.244143128 -0.334115863 -0.214614868 -0.498324394 0.0132049313 0.337536097 -0.113393761 -0.21853286 0.258526027 -0.405723095 0.214563966 -0.308432817 0.472001612 0.40097028 0.272325546 0.159562692 0.392453581 -0.015465063 -0.130822986 -0.0668109655
tensor_dense_2kernel0 512
0.0723546073 0.165850863 0.125744581 0.242881343 0.218761533 -0.0583404675 -0.212013066 0.220702559 0.0150538385 -0.333725154 0.217420429 0.341841251 0.0448865406 -0.255290121 0.0494345911 0.175880745 -0.182137892 -0.0424752384 -0.247692749 -0.238442227 -0.0397477746 -0.169316784 -0.0353375971 -0.21311149 -0.0735327601 -0.155256763 -0.114594921 0.246329844 0.167866945 0.130400836 -0.0983763263 0.28773883 -0.0703852922 -0.0763765201 0.181708395 -0.122421339 0.0937167108 -0.273593396 -0.143088892 -0.303941309 -0.0778595507 0.0861040652 0.313264221 -0.217894241 0.290317059 -0.319909394 0.044336196 -0.357527673 -0.0721224919 -0.0761115029 0.267698139 0.177550986 -0.275213957 -0.0922214538 0.141431838 -0.134177521 0.092348814 -0.00393566489 -0.284053743 -0.0563903637 -0.0296410434 -0.0771603286 -0.150418252 -0.0034928103 0.247959808 -0.326032847 -0.333083868 0.116212472 -0.202253789 0.176382601 0.159863323 -0.281379282 0.060488224 0.175208837 -0.286793798 0.0760290474 -0.0905673206 -0.169982195 0.158765227 0.0977791101 0.219732106 -0.0140755046 0.289055794 0.300407648 0.17283234 0.154971108 -0.0524537861 -0.127058253 -0.268431157 -0.314916611 -0.227605283 -0.0110805118 -0.115559645 -0.261261731 0.0312067084 0.222261444 0.129388258 -0.305386811 -0.0343048386 0.341466874 -0.1452232 -0.0165672787 -0.0539810061 0.143329531 0.123058259 -0.303576916 0.0935578346 0.209671766 0.200856805 0.317487746 0.00148067914 0.169354871 -0.147509992 0.29166919 0.138115868 -0.0894795805 -0.219746917 0.2302977 0.198405951 -0.043966502 -0.115688384 -0.243722826 -0.0820808113 -0.0158602428 -0.163202122 0.214903682 0.233758733 -0.193105772 0.204330206 0.0972810909 0.339221328 -0.29704079 -0.190387085 -0.281441957 0.122393429 -0.332290202 -0.000474900007 0.155997604 0.179354995 0.23368302 0.155527905 -0.269447416 0.0149373524 0.316015214 0.0358869918 0.304032505 -0.290493637 -0.284243613 -0.175251141 -0.221457526 0.00245150924 0.0727700591 0.331778377 0.297174543 0.160159558 -0.0676383749 -0.133324981 -0.174491748 0.33611095 -0.0244857911 0.111751601 -0.251107454 -0.0861589834 -0.190596744 -0.0953234434 0.291269034 0.0314222574 0.0179767311 -0.337333679 -0.310719728 -0.23487857 0.0286589041 0.112879254 -0.277278304 0.00145956618 -0.0816232264 0.228152454 -0.058313746 0.303069741 0.0627741963 0.328364581 0.16460225 -0.340702146 0.0878656507 -0.199171081 -0.0406125486 -0.117225647 -0.0101740984 -0.21315448 -0.231133997 -0.0875490531 0.18801105 -0.251217008 -0.118002348 0.0831779838 0.0289727822 -0.0213228464 -0.220196187 0.217957944 0.207421273 -0.0923118889 0.151957184 0.0673522651 0.30624947 0.288291782 -0.139180273 0.0189517569 -0.0363859311 -0.299022257 0.0471028164 -0.21019806 -0.182763711 0.132487267 -0.139199615 0.167201787 -0.35334146 -0.194584161 0.152598828 0.0279961228 0.104473725 -0.0114918072 0.0562919974 -0.0451870859 -0.0471343808 0.243231282 -0.283701599 -0.158340394 0.13155517 -0.192329392 0.318530142 -0.149869472 -0.341106743 0.0776369274 0.0609468818 -0.124839813 -0.0344065838 -0.18499893 -0.0727390647 0.302017808 0.305617213 -0.336225659 -0.134219676 -0.337164521 0.295309246 -0.056103766 0.0176707581 -0.240919724 0.0120184124 -0.0357176065 -0.156681329 0.280638427 0.147705793 0.332287937 -0.0126104355 -0.0682748035 -0.0127788056 0.136404932 0.251054287 -0.319050312 0.223974422 -0.0723234117 0.294783056 -0.169922188 0.335201293 0.0330018103 -0.298049599 0.331438154 -0.145443842 0.329337448 -0.0284084082 -0.193876669 0.112863339 0.0642350018 0.154144183 0.200175703 -0.230597362 0.329351157 -0.0573789105 -0.318384945 0.330652386 0.22927019 -0.0100774765 0.248714358 -0.219997957 0.189389199 -0.349291086 -0.203940049 -0.136134043 0.0881674141 0.225022674 0.198355958 -0.149157137 0.205265075 0.287137836 -0.163974255 0.0630247891 0.353306741 -0.273956954 -0.139658555 0.202675045 -0.236595377 -0.308999121 -0.31050235 -0.0017007963 -0.117898844 0.286468923 -0.0850412548 0.0663339943 0.249464303 -0.233244061 -0.0388448834 -0.336119413 -0.232249022 -0.196643114 -0.0777239203 -0.153537184 0.317213893 0.245575577 0.168837562 -0.153447717 -0.0975003764 0.143463016 -0.332558811 0.0460062698 -0.307650924 -0.0381027758 -0.33689931 -0.244350567 0.0681625009 -0.0521421432 0.221933991 -0.300568253 -0.30961147 0.350031585 -0.200411022 0.296933264 0.359188169 0.319522589 -0.018223146 0.321159869 -0.317971408 -0.00527313864 0.27417925 0.0727160275 -0.0632953048 0.0970790982 -0.352097303 0.00986802671 0.209353417 0.335330933 0.231806725 0.292708337 -0.012303588 -0.0400796086 -0.270392448 -0.016385233 -0.31111908 -0.162824601 0.3421143 0.201440245 0.246097535 -0.00646963716 -0.118415534 -0.0694700256 -0.200919449 -0.0186454356 0.0682723895 0.0468736887 -0.0104025258 -0.0287539642 0.115487598 0.109503731 -0.310435891 -0.25269717 -0.12548238 -0.00728794932 -0.166268811 -0.23480776 -0.228381038 -0.235160813 0.154288337 -0.217840955 -0.127811879 -0.184744328 0.308101982 0.105279744 0.358736902 -0.229395196 -0.280061066 0.219713032 0.0988127887 -0.153797805 -0.141630441 0.171588689 0.24630788 0.262124896 -0.153409749 0.0397073925 -0.346167982 -0.146615461 -0.339139998 0.108280092 0.241513878 0.353795946 0.0711924434 -0.0781231895 -0.164095804 0.00748756528 -0.25144127 0.217966408 -0.0556479096 0.345311791 -0.312399298 -0.197961643 0.120796777 -0.204908699 -0.202765822 0.11121472 -0.0261010136 -0.289227694 -0.200261846 -0.130818933 -0.300786138 -0.332896471 0.0817975104 0.289537638 0.333841413 -0.164371371 -0.175434217 -0.0406321883 -0.226605251 -0.295791596 -0.0723581314 -0.0587872081 0.0791035667 -0.201712713 -0.00809422135 0.205437765 -0.216354266 -0.0487630665 -0.0907580853 0.108712822 0.191669434 -0.00475450139 0.268523574 -0.21859774 0.127105474 -0.136536792 -0.13977848 -0.157881781 -0.0580044836 0.0869653076 -0.147269771 0.0995922536 -0.125548795 0.313842148 -0.103810042 -0.0784209669 -0.302186161 -0.00635546632 -0.290541232 0.285787731 -0.176808238 0.0577290654 -0.00691549247 -0.317821771 -0.274686068 0.134251133 -0.0978295803 0.0284315012 -0.0457588434 0.0337565839 -0.0696505308 0.108655512 -0.20234786 0.0928869173 -0.035734579 0.183082789 0.202458456 0.10112635 -0.0554469563 -0.299712121 0.00624733884 0.216315702 -0.24843654 0.0720554441 0.0627278388 -0.271979272 -0.168921694 -0.266092539 -0.11575447 0.309025556 0.148566023 0.17670688 0.0588349439 -0.0466892719 0.244318724 -0.0956099033 0.294322282 0.00481411675 0.0637831986 -0.0447158851 -0.0562178195 -0.12077786 -0.0253339708 -0.0147891641 -0.266893804 -0.254717946 -0.105460376 -0.128052741 -0.135246083 0.26604861
tensor_dense_1bias0 32
-0.00843074173 -0.00865451619 0.00905974023 0.00824084226 -0.00774973491 -0.00649381662 -0.00817878451 -0.00779250124 -0.00821297988 -0.00711194286 -0.00850596558 0.0045910175 -0.00292483601 -0.00749315601 -0.00890400168 -0.00808463991 -0.00902872533 0.00787819922 0.00130751822 -0.00643462501 -0.00905770622 -0.00877943262 -0.00468975306 0.0088275969 0.00823225453 0.00928408001 0.00897677802 -0.00864293519 0.00603717426 -0.00763298851 0.00930365361 0.00510621117
tensor_dense_4bias0 4
0.00999986287 0.00999986287 0.00999986287 0.00999986287
tensor_dense_1kernel0 2048
0.0978707373 -0.0125894202 -0.125599459 -0.163378283 0.127763927 -0.0250891615 0.0393657535 -0.0708437264 0.0359132588 -0.229027197 0.160553887 0.120263912 -0.0296181999 0.242211446 0.137301803 0.120654657 0.0807123184 0.0964157358 0.213859051 -0.201165766 -0.203271076 -0.0295426939 -0.048427593 -0.151990741 0.232468545 0.0210187491 -0.0131340614 -0.0986282155 -0.0823327005 -0.0616085269 0.165711761 0.158564746 -0.0241112337 0.140015364 0.184488699 -0.228122696 0.118740797 0.0525529273 0.146973208 -0.161105633 0.117117204 0.191113457 -0.0830932036 0.172689095 -0.0582639426 0.126475364 0.111514114 -0.101094425 -0.0568922758 -0.0214922316 -0.0629192367 -0.00201424258 0.108337164 0.0324217603 -0.131947771 -0.109251954 0.169018224 -0.0251650102 -0.181118384 0.0159296803 -0.177227512 -0.0114699388 0.227236077 0.0754111633 -0.0292306598 0.0964613482 -0.121159941 0.0621428192 0.0729704648 0.076740846 -0.0348103121 -0.0980881378 -0.121091746 -0.0215298217 0.0293364506 -0.143341511 -0.171787649 0.0292263534 0.240310699 0.252100348 -0.13783741 -0.113657638 -0.249500051 -0.0514051616 -0.124762557 -0.209491566 -0.0711071417 -0.205410093 0.0746126249 -0.160687968 0.088266328 0.048816178 -0.0233451352 0.0316543877 -0.0227381885 0.0233507492 0.173959419 0.0377236567 -0.0499481559 0.15615575 0.17102398 -0.167049646 -0.0841006339 0.00537558133 0.0572203733 -0.217127025 -0.0219800211 -0.173976615 0.15083234 -0.0874513313 0.0758422017 -0.00706256554 -0.0581142791 0.177500486 0.0308250263 -0.155391842 0.207558066 0.0365829617 0.077256836 0.255388588 0.108593114 -0.237368852 0.0851936117 -0.155576125 0.228636622 0.118696094 -0.085928604 0.15566884 -0.127529532 0.204387829 -0.0356285833 0.0424604639 0.213464171 0.251569569 -0.0670489222 0.193693578 -0.0192939565 -0.156825706 0.0225945674 -0.226432562 0.119741961 -0.217629403 -0.166826591 0.0603943318 -0.0346776135 -0.129543051 -0.0913172588 -0.0557903312 0.187711105 0.0309590884 -0.102844313 -0.23570624 -0.148793578 -0.0188789014 0.141960502 0.246980593 0.208416298 -0.0724249035 0.0375198685 -0.147517905 0.122100115 0.0664795414 -0.195195481 0.109474137 0.0811446533 -0.194086805 -0.194978744 0.00197977456 0.0103101209 0.133807123 0.151940539 -0.13473466 -0.166548893 0.068443507 -0.0819313228 -0.170914814 0.181804389 0.0301277786 -0.10576728 0.0161715671 0.1466216 0.00359156402 0.102405936 -0.171984091 0.125645965 -0.123112939 0.136918113 -0.175188527 -0.213422284 -0.00126116409 -0.113986693 -0.108647875 0.0472178496 -0.0591589846 0.111624755 -0.126303554 0.0566137545 0.233406126 -0.121769913 0.0365444496 0.141557708 -0.099957861 -0.187922925 0.224037945 0.0727699772 -0.00422949996 0.0177143291 0.118828326 0.0238135569 -0.166145161 -0.201876432 -0.0627633184 0.1576875 0.00352807995 -0.0651699826 -0.237526804 0.14848271 -0.159122139 0.208938792 -0.131828263 -0.0944860578 -0.0471720099 0.142346412 0.0495447367 0.115768604 -0.0300983097 -0.213199049 -0.165638939 -0.0122578554 0.114168517 -0.115979433 0.205579624 -0.0369505957 0.229924813 -0.0828970745 0.188063443 -0.170203984 0.0807054937 -0.0913156345 -0.0557647347 -0.110493876 0.126453325 0.142293677 -0.0748769343 -0.240947872 -0.0387503542 -0.047578644 -0.0877751186 0.0162403472 -0.083779268 -0.0925016552 0.243787572 0.214682817 -0.0806913152 -0.13009806 0.208559602 -0.2394972 -0.0546691604 -0.0510379747 0.176149517 0.040737614 -0.151651993 -0.111690901 0.0670514703 0.23635824 -0.0193500295 0.0527241565 0.00647183089 -0.172321022 0.17886968 0.00707506854 0.249528885 0.128408074 -0.0725063309 -0.0981832594 -0.168086514 0.115196146 -0.18357268 0.117725402 -0.0643030405 -0.208234504 0.0275375061 0.175899833 -0.119928479 0.0358774774 -0.0747587159 0.187375635 0.0874956921 0.0970011055 -0.178111061 -0.0910353735 -0.0501755588 -0.225879297 0.148046106 -0.032874655 -0.112227321 0.107361123 0.102241091 -0.17955485 -0.0739632174 -0.109870553 -0.0788249746 0.0645476952 0.12015859 -0.236563802 0.189355284 -0.241577432 0.228649512 0.16065672 0.010842762 0.245940492 0.0565764755 -0.239923924 0.10838066 0.125914261 0.212805152 0.0970371217 0.106235445 0.0670445189 0.19872345 -0.193622023 -0.199353516 0.164808676 0.13812156 0.096356675 -0.0706261098 0.147605658 0.12049447 0.252707869 -0.225282788 0.171802133 -0.249263898 0.202610791 -0.0892274454 0.168010861 -0.0278369598 -0.116894148 -0.244208723 -0.228493571 -0.0241183434 0.0243689176 0.056486547 -0.174452215 0.124191083 -0.106554478 -0.0541893691 0.143829167 0.149384186 -0.0695106015 -0.179112628 -0.104030021 0.0640350282 0.101631187 0.00469325855 0.121610872 -0.0841617137 -0.213580295 0.0216455553 0.131149068 -0.20786716 -0.0547763221 -0.172811836 0.213759795 -0.156383961 0.106430657 0.0733129084 0.111011527 0.244469792 0.222336948 -0.125707075 -0.176299363 -0.0773634389 0.110600159 -0.0970199108 -0.0139118358 0.207144648 0.0154051818 -0.203475773 0.0879367366 0.140409708 0.181780383 0.194596305 0.184271276 -0.211179689 0.015591885 0.123170294 -0.140648708 -0.194484785 0.0345616788 0.251765162 0.0310317259 -0.240961209 -0.0832336619 -0.208094344 -0.155011475 -0.252876282 -0.0718396977 0.0162902232 0.241587922 0.0638853237 -0.0141491052 -0.252039403 0.212366551 0.242438838 0.0232312195 -0.223725155 -0.0346430503 0.0946576819 0.143280119 0.0369101912 -0.14088954 -0.198328152 0.0786613226 0.240317509 -0.17405434 -0.23224321 0.0218045339 -0.180228606 0.210199654 -0.177334487 -0.256129593 0.179578975 -0.254288673 -0.0152952597 0.0160061475 0.00427596271 0.0849383548 -0.196093157 -0.123385929 -0.0124969222 -0.156631291 0.23368223 0.167770684 -0.0841887146 0.212692201 -0.146563753 0.207031429 -0.0527972989 -0.145643622 0.174478769 -0.0463005006 -0.0770414621 0.0637409613 -0.17734015 0.254119486 -0.0526364855 0.211282164 0.247444987 0.216722921 -0.22665067 -0.152852103 -0.000283432222 0.19181709 -0.0585969016 -0.0558749549 0.232095018 -0.192205489 -0.181142241 0.000614687975 0.0466982797 0.180043727 0.0706778169 -0.180202007 -0.0406881273 0.205684289 0.0360168666 0.148509786 -0.236602038 -0.0589748994 -0.200048566 -0.0129475649 0.258092642 0.166809484 -0.232286543 0.156556338 -0.256534189 -0.181658432 0.12572667 -0.12604259 -0.125003785 0.220171154 -0.182043269 0.113434881 -0.148568138 -0.118146457 -0.00853121094 -0.102628812 0.00724808965 -0.185253546 0.0635143295 -0.244531006 -0.0637552142 0.0542359166 0.160854891 0.114631042 -0.0787456408 0.112364613 0.0278376117 -0.0282130912 -0.106688939 -0.00919535197 0.108045414 -0.1866588 0.108534247 -0.196858406 -0.237887397 0.0319151618 0.12688449 0.145014241 -0.177889958 -0.0419057272 -0.225189611 -0.188113943 0.0634228438 -0.0810973197 -0.134204224 0.173768058 0.191561729 -0.247638196 0.0442963615 -0.0585535802 -0.256932586 -0.116241679 0.210040346 -0.0167228617 0.15618436 0.0965995044 -0.0420125984 -0.0374053791 -0.12845242 -0.0711972788 -0.149668902 -0.137273312 -0.05631046 -0.253732681 0.136572659 0.0397873744 -0.0643613189 -0.110489026 0.137104616 0.00695437985 -0.255188257 -0.0160077792 0.0170808136 -0.13373594 -0.154439017 -0.0376860388 -0.0358626731 -0.177765474 -0.165144712 -0.0224912334 0.050100483 -0.0396504886 -0.0317784287 0.0319505557 -0.130804598 0.241527915 0.104016773 -0.010569863 -0.191945374 -0.159828097 -0.117412895 -0.142558634 -0.117655635 -0.175744519 -0.102917388 0.147837684 -0.228653073 0.02419159 -0.0381195098 -0.0529948361 0.0742073208 0.0929724127 0.141155168 0.0205592159 -0.217365131 -0.0134519562 -0.00482977415 -0.0533585511 0.225326627 0.115633011 -0.0945038199 -0.185660839 0.0337273479 0.206152529 0.179950282 0.214447021 0.0398240387 0.253321707 -0.0842130408 -0.123812236 -0.158540457 -0.0670464933 -0.230454519 0.135688573 -0.0978496224 -0.0743164644 0.239260063 0.252289772 0.0118395425 -0.195067465 -0.0808322653 0.141171232 -0.0614278913 0.11915005 0.218172431 -0.158865094 -0.14880906 -0.158276275 0.173151866 0.227345988 -0.0295871422 0.0390563011 0.140012652 0.160973012 -0.232830122 0.195856914 -0.0527336933 -0.193448633 0.15841341 0.0458923131 0.054299105 -0.0712865815 -0.0978107899 0.0699568391 0.0045134956 0.0736614019 0.0404036529 0.152909458 0.1313577 0.040553946 0.0682709813 -0.149473876 -0.162828431 0.131898567 0.20901382 0.00805627182 0.140325367 0.177921548 0.147477806 -0.215919435 0.156502575 -0.11207521 0.057720378 -0.0154057061 0.0940733105 0.19174166 -0.201611966 0.0318150073 -0.163671196 -0.19277294 -0.218453556 -0.0601872206 -0.187683314 0.235108316 0.230173856 -0.178744406 0.00748866145 -0.126736701 -0.0932172164 -0.23916541 0.22486116 -0.0890473202 0.187675804 0.193076208 -0.0837025419 -0.190294534 -0.220816389 -0.01523 -0.00134460523 0.235308424 0.108363479 0.00147996307 -0.21977073 0.226730764 0.237820879 0.106493868 0.225432709 0.212801293 -0.0778904557 -0.181343153 -0.236732751 0.23094368 -0.167668507 0.0342610255 0.20232302 -0.0677243918 0.0490902923 -0.00451987376 -0.0264319628 -0.109741032 0.157965258 0.0935425982 0.0681231841 -0.0581762008 0.18551822 0.240259826 -0.16100347 -0.0504260361 0.236015365 0.110053055 -0.0899085701 0.196052432 -0.148930192 -0.00682631275 -0.204823419 -0.0717129707 -0.0644286796 -0.0583465137 0.197718188 -0.107056692 -0.0883683339 -0.207044527 0.237373337 -0.105843395 0.116581485 0.0449136235 -0.0456771329 -0.190584779 0.0508423336 0.00451853173 0.220680371 0.000545814633 -0.0307294931 0.149034858 0.0632235929 -0.163203984 0.129177332 -0.229385376 -0.0253889579 0.197677866 -0.087682873 0.0747910962 -0.10590893 0.132414013 -0.231411368 0.154974058 -0.00339413527 -0.0374085493 -0.230790704 -0.0848582014 0.17434676 0.0199355166 -0.104033224 0.0383636877 -0.186887965 0.114737242 0.202169016 0.176908702 -0.0757092163 -0.138691828 0.0782607347 0.0972069427 -0.132064179 -0.20339641 0.162497461 -0.104024008 -0.00715101184 0.198388726 -0.0545437746 -0.166280448 0.0383698419 -0.0574970618 -0.00442515826 -0.0275769159 -0.156324476 -0.0664628521 0.0126998965 0.115960211 0.0752150789 0.195792735 -0.228895009 -0.205404922 -0.118557446 -0.101359732 0.118484765 0.215758741 0.00338400225 0.0326041095 -0.0928645954 0.237517357 0.0881014541 0.014906371 0.0147863682 -0.150250211 0.150340974 -0.236588523 -0.225333944 0.136574686 0.0154688507 -0.000797849789 -0.0839838833 0.192898259 0.119145177 0.00130593637 0.187581435 -0.0545960516 -0.107373066 0.00504675228 -0.0344435684 0.165341586 -0.02836168 0.153541476 0.0332701281 -0.138533205 -0.0515468158 -0.0887117684 0.0949304327 -0.228144869 -0.146018282 0.0187256951 0.185477793 -0.0655025765 -0.103519462 -0.121120416 0.139399901 -0.0847293437 -0.180802479 -0.0948228687 -0.0193687677 -0.0210521873 -0.0361021236 0.00461314293 0.0538588762 -0.226613387 -0.216688409 0.109554909 -0.218156517 0.17798923 -0.0566436052 0.159104139 0.0745619014 -0.1883118 -0.20225814 -0.217267916 0.210795432 0.16395019 -0.0789530352 -0.241107345 0.133028671 0.183333427 -0.195319563 -0.19037053 -0.0513546057 -0.0872245133 -0.0961244628 0.150374427 0.0628933832 -0.0187326167 -0.119982667 -0.22438328 -0.111914605 -0.00717703905 0.203312859 -0.16758956 0.150219277 -0.0302648861 -0.231097072 -0.0655360892 -0.222839788 0.243891254 0.204757303 -0.0650209486 0.0109943524 0.0133214919 -0.0947953239 -0.0145090148 0.0145260058 -0.146901727 -0.162256688 -0.185584694 0.205933541 -0.201751411 -0.0144130513 0.0202943143 -0.11860624 -0.22276026 -0.238452077 -0.103626959 0.176611602 -0.21527411 -0.13835004 0.188041046 -0.228924438 0.0741609484 -0.0137000121 -0.041299466 -0.0141457748 0.152060851 0.00682857493 -0.227027833 -0.209747121 -0.101724312 -0.15087831 0.15471001 0.209335566 0.249348238 -0.197407916 -0.198377222 -0.0320478603 -0.177417368 0.109557554 0.105984382 -0.192637116 0.105950885 0.0753082559 -0.076640673 -0.0878137723 0.212862462 0.191835731 0.086054571 0.257884413 -0.0173371397 0.202323616 -0.014385025 0.056291312 0.0599052124 0.0386017635 0.177279755 -0.123958342 0.170996517 -0.131501675 -0.162555203 -0.072754167 -0.0315756425 0.191498116 -0.0673569068 -0.154817134 -0.00601466279 -0.061023213 0.0788017139 0.0893149972 -0.0264284406 0.15195246 -0.0629548803 -0.0129338959 -0.13965857 -0.225948274 -0.243520081 0.148272023 -0.125458002 -0.208756447 0.0255051963 0.0218456089 -0.120086655 -0.0169710144 0.11837621 -0.0721288174 0.184913337 0.208877832 0.144551292 -0.0170246474 0.190590397 -0.0906899273 0.0632629842 0.0619279183 -0.0244365875 -0.0923705027 0.0410179831 0.217664614 0.0662990883 0.166100249 -0.142480046 0.0542110056 -0.1604352 0.0624622218 -0.0917632878 -0.112955518 -0.0341232978 0.164898425 0.178454399 -0.0109744947 -0.253650457 -0.011596879 0.217624336 0.23435986 0.111625098 -0.0733532608 -0.112578966 -0.0957773924 0.0642542168 0.228746325 -0.0407352932 0.0292243473 0.0600787178 -0.243536592 0.0604060888 0.0885182172 0.0901314244 -0.0177408233 0.240169466 -0.0666782558 -0.134883985 0.0326268263 -0.0953518674 0.0287664384 -0.13055554 0.258106142 -0.0818443894 -0.183164373 0.00662671495 0.195356086 0.0842818692 -0.00773205515 -0.0669546202 -0.210137054 0.0501518473 -0.0073637804 0.0912841409 -0.227405056 0.0722827166 0.193045482 -0.229839131 -0.20971635 0.0980049968 -0.106718332 0.0423954576 0.169606254 -0.226011053 -0.0751988739 0.0111623239 0.188006461 -0.0433446504 -0.0853320137 -0.0903099105 0.122979112 -0.0325640962 -0.0123046907 -0.0798824579 0.0205105357 -0.189653471 -0.10051395 0.0267754644 -0.188829556 -0.16357635 -0.0483902507 0.190565929 -0.00208716467 -0.0949127078 0.0732452422 0.0661557987 0.165731311 0.0321494937 0.15990068 0.120521545 -0.062439736 -0.0437028669 -0.193443209 -0.188135132 -0.103056379 0.189904064 -0.0646039695 -0.225274816 0.137588307 0.209143415 -0.212171972 0.0336949639 -0.146760345 0.0715110451 0.171466798 0.241079256 0.067063801 -0.185900196 0.031929642 -0.117314443 0.144870862 0.0374501124 -0.00972702354 0.0650657788 0.0349804685 0.12924625 0.028386293 -0.109563537 -0.000907356909 0.0394395553 0.11654754 0.133381441 0.0505201072 0.190424651 0.0901057944 0.225881949 0.196697131 0.184475869 -0.102640696 -0.125039011 0.212204888 -0.161876604 -0.00965499226 -0.0172414705 0.00578585779 -0.206331193 0.131043404 0.0395203792 -0.175040007 -0.225087091 -0.00963568781 0.106513046 0.19816488 0.0660646409 0.029570641 0.00615007337 -0.030130025 0.148406342 0.223230869 -0.196733549 0.0343271568 0.179017723 0.0914572626 -0.208942622 -0.214072719 -0.124016985 0.130777434 -0.246542528 -0.0574308522 0.239849702 0.219642341 0.0215076245 0.141208708 -0.191457316 0.231399477 0.224076629 -0.138770491 0.196957678 -0.0213177167 0.223927528 0.162236735 0.203506649 0.0957950354 0.0527136549 -0.226612553 0.175216138 0.236642718 -0.154528365 -0.0850907117 -0.208537817 -0.0986894295 -0.100327894 -0.130721286 0.00478484295 -0.148309991 -0.0906694084 -0.00463384343 0.0688660145 -0.0471347384 -0.19782427 -0.202003643 -0.0995887443 -0.229722291 0.182727411 -0.144988477 0.219516873 -0.24829118 0.12419527 -0.0897830129 0.0879854858 -0.0757102743 0.216580957 0.172788784 -0.07674364 -0.10628175 -0.00900922809 -0.125604779 0.135906309 -0.209594131 -0.224963784 -0.240252808 -0.0494672097 -0.062745899 0.0310466941 -0.245032012 0.20914197 0.0871214494 0.122146077 -0.150925383 0.0516234934 0.0540443808 -0.17832838 0.201045483 0.0944883823 -0.01107255 0.15760392 0.241394386 0.0902183428 0.186936781 -0.0458992682 0.0313374884 -0.123049222 -0.249513194 -0.0390047096 -0.208632052 -0.0246228464 0.12974745 0.0532024875 -0.181269914 -0.106005549 -0.0684808046 -0.031645678 0.163347334 -0.165225565 -0.212252274 0.25648579 0.231032565 -0.209079772 -0.130239174 0.0519060493 -0.164256513 -0.169009283 -0.164603978 -0.0416484512 -0.166439369 -0.0595042072 0.0942779779 -0.119787529 0.199659944 0.080340229 0.120844133 0.23611322 -0.0326364711 0.20516929 0.0932566449 -0.0397060364 0.090428099 0.00614061952 0.105773695 -0.0269477479 -0.200656727 -0.0551832281 -0.0930651277 0.0314349756 -0.212102145 -0.207749933 -0.212753713 0.0739663541 -0.0781249031 0.154323056 0.0187756922 0.0820460469 -0.134277567 0.187211692 -0.140648142 0.232547998 -0.0989546552 -0.177757531 0.142613322 -0.030848261 0.0528759733 0.0446154699 0.142831802 -0.0729800984 0.238705203 -0.152693331 -0.211599588 0.0588143207 0.0272927154 -0.15212743 -0.112415582 -0.186870158 0.0819532946 0.198827341 0.0627658516 -0.178165823 -0.2287108 -0.088634491 -0.168369874 -0.158344373 0.105195552 0.224015906 0.0111716734 -0.227149174 -0.0131051783 0.0666324273 -0.174764141 0.146676958 0.101722129 -0.152606979 0.138324738 -0.199498847 0.065831013 0.176212654 0.0966667905 0.253402978 -0.112466857 0.227287591 -0.146856621 -0.172884092 0.0615819432 0.2251385 -0.044894252 0.149554342 -0.0998806208 0.144385427 -0.190939367 0.00229522353 0.11973834 0.190068841 0.201555952 0.147000581 0.0720072687 0.113836817 -0.0330920182 -0.0125091132 -0.179161876 0.101619087 0.104399838 -0.00303565781 0.108510301 -0.113222785 -0.0317060649 -0.0768212155 0.0215944573 0.0961434245 -0.232020214 0.167240366 0.130834743 0.203578457 0.0243990812 0.00797805563 -0.235757172 -0.0686843321 0.224920303 -0.125410885 0.102850974 -0.157034919 -0.142367259 0.116919518 -0.154738411 0.0726812258 0.119658962 0.0484149344 0.152195349 0.127191693 -0.0926242694 0.18247287 -0.231452972 0.223203838 0.176315904 0.236102954 0.0927649811 0.245502099 0.237502009 0.242378578 -0.0768988058 -0.0724030584 0.181293458 -0.036788404 -0.208799049 -0.216423273 -0.219373196 -0.096122615 0.0909593776 0.22181882 0.0108533949 -0.143300027 0.0331994779 -0.133469969 -0.221023574 0.185451284 -0.0216162559 0.0780370906 -0.154677317 0.206557795 -0.201232329 0.108758472 0.0145874349 0.191339344 -0.024925733 -0.144992545 -0.1723876 -0.071767889 0.214938253 -0.0283773132 -0.152320653 0.231095418 -0.0151991779 -0.10326869 0.0188408941 -0.00197867211 -0.220297113 0.0539372452 0.0945092216 0.0284703448 -0.0340413153 -0.000488457561 0.255727947 0.114400186 -0.21821554 0.104341052 -0.220946878 0.194875851 0.106682576 0.187801287 -0.186429307 0.237128869 0.10264121 -0.0421988703 0.0923358575 -0.0151114361 -0.218868524 0.239634141 0.188925862 0.0941627771 -0.0882098079 0.201651603 -0.191262364 0.184488952 -0.00513917254 -0.0352306515 0.070127815 -0.151178867 0.00542336609 0.132834837 -0.106861003 -0.103436746 -0.250424206 -0.0433336496 -0.159874827 0.0370628349 -0.244393036 -0.210916013 0.220296413 -0.117882781 -0.0325473435 0.0272645801 -0.0692298561 0.0630066916 0.0510608256 -0.160466924 0.14773345 -0.116668619 -0.218500331 0.170735493 -0.0483736806 0.0558711439 0.0938765407 -0.0436358675 0.221443772 -0.0876707435 -0.100307114 -0.00410661101 0.0133069418 -0.102299027 0.128477603 -0.105417296 0.0185761508 -0.153201774 -0.106383264 0.218900561 -0.0735946745 0.0500569381 0.0345221087 -0.213293314 -0.169895694 0.0398724601 0.100067794 0.0203809813 0.0875900164 0.195786491 -0.0162091106 -0.234016195 0.187618524 -0.0812218338 0.0552479476 0.118655957 -0.110615 -0.175640717 -0.247863367 0.0785914212 0.0326084197 0.0881690383 -0.0962812901 -0.252304494 0.201780021 0.211511493 -0.206237286 0.189411029 -0.128468409 -0.233335972 0.123332962 0.0222856794 0.00622968376 -0.119448714 -0.045749858 0.0867005959 0.169739485 -0.220239505 0.137066647 0.0423400365 0.127940282 -0.132168368 -0.119160526 -0.244318187 -0.190997452 0.178279683 0.0906289294 0.192759529 -0.0892518833 0.00583046535 -0.182825744 0.130176425 -0.221915647 -0.163070813 -0.179862559 -0.143604845 -0.131756961 0.149682269 0.0242532343 -0.182009578 -0.0439483039 -0.0311641246 0.0724882185 -0.210639209 0.141435042 0.0408435427 0.200178564 0.0380159356 0.203804359 0.190442532 -0.173760384 0.0661729202 0.0563310273 0.1248772 -0.140401989 0.110338964 -0.229342416 -0.102417804 0.244698927 0.0823778659 -0.0959807336 0.0987062901 -0.10243348 -0.0401646681 0.245390102 -0.12100143 -0.147880465 0.194113985 0.14576304 0.215431094 -0.191942126 0.0712604374 -0.0405391939 0.136429891 0.0561661124 0.197427377 0.20237647 -0.0219325293 -0.0196317732 0.130633563 0.0404577404 -0.185565829 -0.0779033452 0.241658911 0.150129288 -0.0802773386 0.0718364418 0.179431438 0.149956688 -0.0939235911 0.19130969 -0.011705772 0.0818900764 0.101169199 -0.236630499 -0.0165975094 0.126180485 0.0598799065 -0.168572724 0.129808709 -0.173700362 -0.214176461 0.193741217 -0.172350258 -0.220132023 0.0648121461 0.124554589 0.224177375 0.219975471 0.0247768536 0.20736745 -0.163305134 -0.0272060875 0.0498902276 -0.131859377 -0.20683746 0.0985628366 -0.161883861 -0.121779688 -0.112052701 -0.232905969 0.0775719434 0.114940457 -0.0203027688 -0.142387748 -0.0229882058 -0.239984199 -0.0596006699 0.170879334 0.1799196 0.126045451 0.0442998372 0.225722656 -0.176918209 -0.237406179 0.182232767 -0.160481349 -0.114280283 -0.0832778513 -0.0763047636 0.125595883 -0.0353576913 -0.179231316 -0.0836845413 0.0112897288 0.0295876637 -0.0726795644 0.194769993 -0.182846993 0.123922877 0.00837766286 0.133194089 0.10544344 -0.0197218992 -0.126893952 0.199324921 -0.048094403 -0.0943142548 -0.18652992 0.0405270867 -0.0404447913 0.200938284 0.0787516981 -0.0598173626 0.0255272798 0.0897139832 -0.00830664393 0.00814896263 0.239905715 0.106862657 0.231634617 -0.200821295 -0.140087485 -0.216295555 -0.13045375 -0.0618494749 0.0829311758 -0.086096175 0.217002898 0.0980888531 0.140490308 0.0567116737 -0.202542782 -0.0397184975 -0.254677981 0.0146796489 -0.21054852 -0.0812805817 0.182280913 0.238630518 0.0793944076 0.225554839 -0.124681741 0.0231920276 -0.105852224 -0.139161244 -0.143968046 0.121197492 -0.0362223461 0.119834557 0.105147906 0.138507292 0.0205458347 0.0906860456 0.208496451 0.210311651 0.0201006867 0.128448635 0.228558719 0.0386886261 0.164582297 -0.212000847 -0.141761437 -0.0872499868 0.145675689 -0.149718225 0.0980713218 -0.0418805704 -0.0170434061 -0.161773041 0.167997122 -0.112793624 0.122226283 -0.118024647 -0.102494605 0.101413399 0.062744692 -0.142460957 0.173447222 -0.217236608 -0.0668186471 -0.00446360279 -0.10578908 0.0449096076 0.215680465 -0.0585316494 0.245815337 -0.149888068 -0.132880852 0.0939631462 -0.0677169338 -0.228347942 0.249300152 0.210264295 -0.149825037 -0.126459405 0.210028142 -0.0936181024 0.173658192 -0.205156967 -0.0971775204 0.0652511269 -0.121861055 -0.13031739 -0.0536722392 0.0613973849 -0.0946307778 -0.105114445 -0.0603247471 0.0650869235 0.0967423394 -0.0892122686 -0.00431096833 0.0268828236 -0.200816169 0.23934029 -0.248183951 0.235564604 -0.196462035 -0.177213892 -0.100619711 -0.0305731222 -0.0480279848 0.110330515 0.0124670658 -0.00955333561 0.0941145793 0.174399018 0.23042126 -0.198696911 -0.132040501 -0.154003665 -0.158313945 -0.0371689126 -0.1177435 -0.0905231014 0.0149978613 -0.0683434457 0.195284411 0.208337501 -0.191696778 0.0958379135 0.0969578549 -0.129814312 -0.0721764192 0.0602665097 0.0681297854 0.190262064 -0.098967962 0.180451453 -0.17032665 0.22098127 -0.252693355 -0.13326548 -0.146800339 0.206105113 -0.222386554 -0.253779858 -0.0957375616 -0.17965135 -0.138106465 0.00751738483 -0.0485828109 -0.197074607 0.143822253 0.104536988 0.162525907 -0.0212182496 0.224454284 -0.105482802 -0.199439764 0.204062149 -0.179665461 0.125292629 0.164049238 0.239013746 -0.00141962338 -0.0404160991 -0.173965156 -0.242830709 0.115723662 0.0449707657 0.162800804 -0.0913751647 -0.117892504 -0.196745902 0.232018381 -0.0139325783 -0.219415173 0.154304087 0.0525760315 -0.0682997778 0.0736165717 -0.0454502143 0.152134821 0.122034609 0.160658404 0.175657585 -0.0796275884 0.13151975 0.0751657188 0.088788636 0.0451096892 -0.118344605 -0.108155936 0.0398135595 -0.237228379 -0.12436647 0.00817387644 -0.166316822 -0.0851808116 0.250729471 -0.178396523 0.234883383 -0.0721935183 -0.232200921 -0.229945853 -0.0219757576 -0.132269248 0.169394463 -0.0509046465 -0.240635455 0.063578777 0.137563005 0.0469208248 0.000174575922 -0.128780589 0.004568059 0.0493016317 0.244840279 0.158101201 -0.0827735588 -0.203282923 0.198943436 0.0776076317 0.0329072885 -0.0683908463 0.191449717 0.160746351 -0.148276687 0.166422799 -0.113222606 -0.20891422 -0.093975991 0.091077283 -0.165703043 -0.195225254 0.145664006 0.234439611 -0.00749301631 0.116837762 -0.00560102705 0.0503285266 0.086207889 -0.182597369 0.126648441 -0.0252558645 0.138427809 0.025426697 -0.0237615574 0.203359216 -0.11206001 0.123121552 0.223637611 -0.22331281 -0.149580657 0.168572024 -0.105006911 -0.127636686 0.156530082 -0.119653426 0.198475495 0.0191119425 -0.0745983869 -0.143400386 0.029212188 -0.178309962 0.178777844 -0.110007875 -0.107675314 -0.111127242 0.244923502 -0.176347256 -0.150742486 0.108507879 0.0117267817 0.180178344 0.0470742546 -0.182852656 -0.109354697 0.0914351568 -0.0796907544 0.156030968 0.178858683 0.151872724 0.10587211 0.213893861 0.124782555 -0.00536101498 -0.134395063 -0.210691646 -0.201147407 0.00468865084 0.201638818 0.0859336033 0.0992770344 0.224845141 0.190643191 -0.070003435 -0.187946424 -0.241249055 -0.105189592 -0.020884281 0.172009453 0.155190319 0.165563047 0.0105168764 -0.246738017 0.219606847 -0.0122688673 0.0924682692 -0.119992614 0.0257171635 -0.12739715 0.0313940719 0.00597411487 0.152130142 0.108991742 0.165931031 0.22829622 -0.174105942 -0.0341421403 0.051884599 -0.210944399 -0.0872302949 -0.105634198 -0.166765749 0.159847885 -0.045243822 -0.0193849839 0.252459228 -0.0499581844 -0.22732535 -0.227395624 0.114020705 0.206241786 -0.218026727 -0.229009509 -0.139542386 -0.174622715 -0.210702732 0.200294301 -0.0403033495 -0.0844366252 -0.217238367 0.0254792999 -0.209255934 0.216842771 0.139424413 -0.104445517 0.236984551 -0.255091846 -0.213345021 0.16508016 0.245963171 0.0574221462 0.200356781 0.0649441928 0.12123245 0.177520365 0.107740171 0.0737868249 0.229608074 0.112079054 -0.225286558 -0.151842833 -0.110817552 -0.0153241791 0.08729738 0.106037468 -0.0878239423 0.179838911 -0.119719118 0.0516370125 0.236158296 0.237430453 0.123463787 -0.077175349 0.181828618 -0.072922349 0.14851211 -0.249005303 -0.125367895 -0.206835121 0.0944224745 -0.140407756 -0.0101917218 -0.139980271 -0.216809586 -0.149244562 0.162838012 -0.177952424 -0.0305283442 -0.186651826 0.185708001 -0.253316492 -0.185893357 0.00466508558 -0.0447301753 0.0764551163 -0.144099131 -0.114996009 -0.188013807 0.178175196 -0.104599103 0.136896372 -0.0659872293 0.0790031552 0.157967791 0.0942409635 -0.127272323 -0.073145546 -0.246110782 -0.133851185 -0.0923146233 -0.0977566913 0.0815552473 -0.253620297 0.00252182316 0.238577753 0.0592467859
tensor_densebias0 64
0.00246547232 -0.00841803662 -0.00818667561 0.00506506255 -0.00875862408 -0.00839716475 -0.00951890461 -0.00889881793 0.00409831107 -0.00589453895 0.00871959981 -0.00108692131 -0.00796606578 0.00692825345 0.00833123364 -0.0075545609 0.00487857684 0.00949454401 -0.00696245162 -0.00920347124 0.00138437795 0.00853544101 0.00858298317 -0.00827872846 -0.00512373308 0.00839644019 0.000426914659 0.00786679704 -0.00845743064 0.006352589 -0.00891613588 -0.00683934335 -0.00720024481 0.00931736547 0.00891721342 0.00816699397 0.00805747416 -0.00897368602 0.00782868359 -0.00623842562 0.00654522888 0.00869709346 -0.00878298283 0.008653339 0.0087916106 -0.00852879602 0.00809622835 -0.00903491955 -0.00887559261 -0.00891654193 0.007965344 0.00810556021 0.00854201522 0.00799544062 0.00770412246 0.0087343799 -0.00892818905 0.00731200585 -0.00883397646 -0.00592119945 0.00913577341 0.00848001149 -0.00942620356 -0.00915423781
tensor_dense_2bias0 16
0.00858083181 -0.00859403796 0.00786650181 0.00819949713 0 -0.00929066073 0 0 0 0 0 -0.00507597812 -0.00875886343 0 -0.00702001899 -0.00916493405
tensor_densekernel0 4096
0.135567576 -0.168889984 -0.185256556 0.125469163 -0.147478655 -0.0620173998 0.150513738 -0.0571987294 0.100864351 -0.0778078288 -0.0866678283 -0.129086763 0.0975809097 0.12723881 -0.193368688 -0.182821676 -0.191198379 -0.113602795 -0.0912238359 0.0542376488 -0.165319592 0.217129216 0.0512013547 0.138938099 -0.134572655 0.0535263941 0.0600576587 -0.0374102294 -0.100468457 -0.127108902 -0.0627349392 0.010578664 -0.195119604 0.0899324715 -0.000598381623 0.143404201 -0.17121014 0.0161726307 -0.149199277 -0.1108732 -0.0428280644 0.141053155 -0.0383269824 0.171972603 0.05842961 0.137800053 0.16809693 0.151772261 -0.088552773 -0.0112852659 -0.0341661312 -0.121546239 0.0350407027 -0.0464734882 0.148849905 0.172624946 0.0460974313 0.182848886 -0.124479018 -0.214945257 -0.113106221 0.158785805 -0.0531808995 -0.0934849679 0.183673933 0.0235253014 0.0403972156 -0.0955530256 -0.0581391342 0.161062345 -0.193084478 -0.164239019 -0.0594295859 0.135339051 -0.0377336144 0.0366483331 -0.147826478 0.085037984 0.0593710244 -0.10718821 0.150812417 -0.0448945947 -0.223324925 -0.118190609 -0.119940944 -0.0251155607 0.222452983 -0.0880510136 0.0588829368 -0.098897092 -0.00116828352 -0.0251064468 -0.217128947 0.177814469 -0.00576704415 0.0706677809 -0.125652298 0.179913059 0.0763353631 -0.168504775 0.0419169217 0.0830451921 0.120125495 0.0201009382 0.0623784028 -0.184799358 -0.182705998 -0.207366034 -0.159899101 -0.217460334 0.201590851 0.0197181012 -0.0965098068 0.0228981506 -0.191115528 0.13368699 -0.178618968 0.15823856 0.164178774 -0.00564048951 0.146719247 -0.0774074718 0.1356446 -0.181374028 0.209779575 -0.0655893534 0.193380356 -0.0138906855 -0.0100779468 0.0815370604 0.107531913 -0.197192073 -0.00555967633 0.103268921 0.0360498764 0.0620269366 -0.0265084859 0.0273440666 -0.160012841 -0.202382401 -0.0918555111 0.0391170345 0.0455611907 0.0580376536 0.17599301 -0.0174418204 0.138829216 -0.124233805 -0.0595738739 -0.123872422 0.171198949 -0.207496434 0.126438156 0.0814967453 -0.166850224 0.104752921 -0.20753704 -0.0295349024 0.1327447 0.153638795 0.130339563 -0.106057405 -0.0826545209 -0.0573655553 0.0604982711 0.00526315346 0.212880105 -0.00924410112 -0.154687285 0.0311844163 0.189104632 0.0150457677 -0.0823039114 -0.132436782 -0.0720491558 0.00439857692 -0.0754533708 -0.202376977 -0.00137619267 0.0839232281 0.119308569 -0.18140164 0.183232248 0.0347009413 -0.0692530647 -0.18178831 -0.138926372 0.00551619986 -0.198415399 -0.174765438 -0.18095848 0.0801856369 -0.167680472 0.153586507 0.185385004 0.000659509562 0.0528747253 0.132185623 -0.0855425522 0.191158846 0.102020994 0.102775 -0.0414479338 -0.0530520007 -0.16183579 -0.193518847 0.138242051 0.188508853 0.0730356127 -0.181429729 0.0988640115 -0.142046258 0.0517972112 -0.0643271282 0.0781888738 -0.113651253 0.130856708 0.193539381 0.1269539 0.164831847 -0.0141679142 -0.201209992 0.164627865 0.00201380718 0.0891742855 -0.192806453 0.181303188 -0.0726151094 0.10834267 0.100321263 0.0654918626 0.0944712162 0.159902424 0.101629786 -0.183054879 0.16820845 -0.176812768 0.0771634132 -0.0377067104 0.182701349 0.183533311 -0.0816632882 0.144201249 -0.0855662152 -0.0516811162 0.0366522223 0.216530368 -0.0638727918 0.196603194 -0.0807956457 0.0409848318 0.176532611 0.120209135 -0.0828842297 -0.000815765234 0.0205890071 0.201879397 -0.132864594 -0.187843367 -0.0973157212 0.147631496 0.020642804 0.0228889268 -0.196645722 0.19644773 -0.0463856086 0.0494562462 0.156193927 -0.113379501 0.181811109 -0.152477056 0.208024338 0.152454749 0.0558015555 -0.163808212 0.0506257005 0.110560834 -0.032396052 0.170222372 0.188474149 -0.0771695152 0.0427126959 -0.197408453 -0.0710454583 -0.0613033213 0.0521524884 -0.0927599892 0.0188319422 0.194813579 -0.160396129 -0.101202011 -0.0522786677 0.0491506122 -0.200769112 -0.145940021 -0.13242124 0.0126853948 0.163762584 0.0415554866 0.11355111 -0.157978341 -0.133364379 0.081243813 -0.218802139 0.0154582132 -0.0478410907 0.144427165 -0.108135447 -0.0515886061 0.17962867 0.101196624 0.208282545 0.172989964 0.0644361079 0.0688037723 -0.086177893 -0.0621365122 0.118744895 -0.136534929 0.109192885 -0.0890153795 0.00830549095 0.188564852 0.137161821 0.167459801 -0.163232148 0.0102999015 -0.220804304 -0.183599114 0.0297920965 0.0794022083 -0.00937751029 -0.147661626 -0.0402807146 0.0891468897 -0.0275352094 0.12576066 -0.19080545 -0.183612287 -0.0972985402 -0.219986051 0.127883792 0.0357964337 0.122162715 0.104311585 -0.0478747301 -0.144260302 -0.0744071752 -0.217800856 0.144878834 -0.136355147 0.0987497866 0.133660346 -0.0554836392 -0.0730225295 -0.0379410721 -0.0256425645 -0.0320228301 0.0109869046 -0.158180252 -0.0913473144 -0.165114284 -0.0842956826 0.212541342 -0.150184244 0.181348249 -0.0311981402 -0.181599617 0.137834355 0.139771849 0.197043777 0.207078546 0.0756334886 0.0781474188 0.0447570421 0.0034195506 0.181949317 0.144184783 -0.121130697 0.113105156 0.134370357 0.213145047 -0.0105079878 0.170807064 -0.000347539026 0.0132145919 -0.0622017421 -0.0677900687 -0.0803663656 0.00472463248 -0.00876483694 0.130769402 -0.199059546 -0.125454038 0.143008366 0.172327414 -0.0468376204 0.053693343 -0.179703742 -0.22228165 0.107622519 -0.166051283 -0.144844741 -0.116125226 0.111728013 0.08003214 -0.1377009 -0.145474866 -0.0116590187 0.103184491 -0.168009087 0.0693959147 0.0912889466 -0.168053389 0.122976907 -0.218629122 -0.0824590102 0.0806139037 0.169925228 0.166806638 0.0362131782 0.0924903229 0.128052935 0.0216275435 -0.0365811922 0.0507572629 -0.0240835082 0.0516038835 -0.133786991 0.178177595 -0.18166782 0.0900392681 -0.0424165986 -0.123735562 0.200764164 0.0270950533 0.0500550941 0.186910436 0.108865917 0.00544096902 0.0858240426 0.0372805968 0.017966833 -0.0841640756 0.181495681 0.115282096 0.00141320121 0.141580045 0.0534469411 -0.128669739 -0.183444947 -0.165315896 0.1759772 0.139565945 0.118644774 0.164717183 -0.0275478866 0.109440058 0.144458443 0.0260782465 0.0764535442 0.0506693199 0.210560158 -0.0120003112 0.21983625 -0.129398555 -0.1811551 0.0249365084 0.185356736 0.100010216 0.0144564454 0.0696422532 -0.0300715994 0.0575154945 -0.104181819 -0.192916796 0.0953488946 0.193980455 -0.00627432624 -0.148020968 -0.219089299 0.139157578 -0.207001776 0.167414919 -0.107936531 -0.18909049 -0.00397947431 -0.171999007 -0.00758215692 0.0853288621 0.169119656 0.0944836065 -0.133985326 -0.0934208408 0.138517067 -0.134078652 0.178054303 0.0587259084 -0.106808133 0.0259683374 0.166723669 -0.207127839 0.0623389222 -0.0913554803 0.0923597515 0.201051578 -0.199352473 0.0234638397 0.112191439 -0.112707965 0.0778808445 0.0214470439 -0.0918886289 -0.00912315957 0.030537989 0.0905125439 -0.071629554 0.0975236148 0.193069756 0.172175452 0.141681045 -0.0408969633 0.0567233674 0.136396959 -0.0860384256 -0.0863174349 -0.19212018 0.049748335 0.0659414753 0.200584993 -0.044761315 0.0585548729 0.128460303 0.0513878316 -0.13502562 -0.061725568 0.11956653 0.145365074 -0.0156947188 -0.116337933 0.14033781 -0.111043237 -0.14760527 0.0575568601 -0.0415959544 -0.0378971659 -0.147094235 -0.105865188 -0.0571624562 -0.124625131 0.0573418103 0.158582985 -0.172240511 0.000317805912 -0.104401827 -0.159249827 0.0394839197 0.0595531389 0.137792274 0.181553856 0.0931132212 0.18861632 0.0050248648 0.0638147444 -0.204574347 -0.17065461 -0.068070218 0.15031229 -0.134094313 -0.173833415 0.160619244 0.00232291454 -0.123626694 0.123462543 0.120702423 -0.102003619 0.0422863252 0.108336836 -0.178285912 -0.0233637393 0.157707497 0.191931605 0.0874818414 0.0483353063 -0.148984522 0.0891838893 -0.0472685508 0.183752924 -0.00985297747 0.139554575 -0.160683885 -0.0465650894 0.154227376 -0.177922294 -0.0854005814 -0.135714591 -0.0249125902 0.21848169 0.0970440805 -0.0344490893 0.125874132 0.0993287712 0.0276737623 0.0695756748 -0.115732968 -0.0473480448 -0.219589949 -0.212859869 -0.221919388 -0.0782107785 0.0879897252 -0.084125787 0.0404070355 -0.044217743 -0.0159014501 -0.120148763 -0.0301597584 -0.0187832378 0.147095144 0.0847737491 0.0918278396 -0.116863437 -0.152692571 0.0584957413 0.205685869 0.177898765 0.213650092 -0.0283994041 -0.0821151137 0.146087244 -0.051445242 -0.000407834304 -0.0404083841 -0.0877917558 -0.0319332778 -0.0586164147 0.147215247 -0.0454173312 0.0158753674 -0.089406237 -0.176188603 0.192585245 -0.0152572691 -0.0894638449 0.0230441783 -0.111465983 -0.10374324 0.126693055 -0.0988084897 -0.188240081 0.0873232707 0.168044657 -0.0123305041 0.13960211 0.0324318148 0.18537499 -0.039423313 0.175106689 0.161432222 -0.0548306182 -0.201796189 -0.20203732 -0.158574671 0.112526983 -0.00794254616 -0.203204572 -0.17262724 0.043978259 -0.187666595 -0.184410289 -0.181861535 -0.159739867 -0.201482341 -0.0332204588 0.136289254 0.00403871061 0.117405698 -0.0881756246 -0.127547547 0.000153927976 -0.0763969868 0.106711723 -0.0872461498 0.214570388 -0.134695098 0.0934888646 0.0733060613 -0.0571825467 0.114321858 0.0212067366 0.112428866 0.132798925 0.152006105 0.0379713923 -0.113029912 0.0593267381 -0.220985591 0.079097867 -0.209330112 -0.139188349 0.169778451 0.0252608694 -0.129860774 0.117332511 -0.115460537 0.140591562 0.0342555232 -0.0480047055 -0.0962565839 -0.0474086255 0.0318930857 -0.0713453144 -0.138178036 0.00767152803 -0.0492813177 0.0219487026 -0.0178034045 -0.0945925638 -0.0107543534 0.127017707 -0.0179196224 -0.0522675216 -0.0771297514 -0.138855755 0.00325528067 -0.161469147 0.152352974 -0.215916127 0.208108738 0.0867758021 0.0133437878 0.0992898196 0.191846773 0.17670247 -0.224577576 0.107874833 -0.0467265807 0.0656814724 0.0334115438 0.210158587 -0.170313656 -0.142448992 -0.183694348 -0.138816759 -0.183626935 -0.13201113 0.115779191 -0.0816768482 -0.112110093 -0.112693012 0.0813242793 0.190019459 -0.142425835 0.110514097 -0.146284789 0.116876639 -0.060937006 0.110141702 0.220757619 -0.0241571311 -0.0304098018 -0.0918996707 -0.152900293 -0.118605241 0.21267201 0.0831992552 0.116954029 0.178478405 -0.146502405 -0.0761632845 0.107606903 0.0403785594 0.0928188488 -0.213520303 0.0413685031 0.138980687 0.216586545 -0.165829331 0.0622001179 -0.18607524 0.175709769 -0.0701559484 0.126874417 0.111321829 0.104896501 0.130637318 -0.0617839247 -0.225631863 0.17926833 -0.153670341 0.0595406331 0.0298757013 -0.0956469923 0.141156241 -0.0283674635 -0.061880555 -0.14119862 0.15272367 0.0299211983 -0.108740442 -0.0125963949 0.0641690716 -0.137453362 0.154665306 0.164763823 0.0681865513 0.0510344692 -0.19474113 0.026250409 0.114243656 0.143634766 -0.0906853676 0.172186732 -0.148827255 0.00768030062 -0.0260567181 -0.0784005448 -0.0902653039 -0.162876695 0.160181746 0.0863861889 0.0512305126 0.181008816 0.164626896 0.152287722 -0.158916444 0.0160657186 0.185804248 0.0985845402 -0.0638517886 -0.0182919819 -0.0931410491 0.177070647 -0.154002786 0.0352373235 0.106041074 -0.164074004 0.00131495728 -0.094832398 -0.0239244513 0.0846507475 0.148447976 0.122796766 -0.0106857317 -0.00867841952 -0.161314055 -0.158879846 -0.108394153 -0.157965839 -0.114973478 0.187740892 0.0108470013 -0.0543893129 -0.163827345 0.20675911 -0.176713347 -0.0236945618 -0.154126227 -0.064525798 -0.131062791 0.17024447 0.107344456 0.0867901072 0.0672481656 0.192221075 -0.173275083 0.184102431 0.0638252422 -0.110260084 0.0497997999 -0.000354238204 -0.0997017547 -0.105928168 0.0293380618 -0.208641872 0.224117666 -0.086342819 0.0202045012 -0.0376511626 0.064609915 0.0561015904 0.0983403847 -0.205158547 -0.0359678604 0.0306391623 -0.202200875 -0.173843458 0.079771474 0.133266911 -0.141900331 -0.0422379225 0.174437627 0.154092491 0.144418642 -0.00947334711 -0.0561361797 -0.155041575 0.147816762 -0.166761771 -0.137016341 -0.208269387 -0.0109696249 0.163394034 0.0015486154 -0.0797346458 -0.028494142 -0.195803836 -0.196070895 -0.213808775 -0.0912342295 -0.158492193 0.075830847 -0.128596812 0.100765474 0.0195353292 -0.184090003 0.136956945 0.0277169123 -0.0700208619 -0.143026635 0.176750138 -0.024506215 -0.166128471 0.0973099247 -0.222276956 0.190097138 -0.0447224341 -0.0799354613 0.159711495 0.0820020214 0.211340651 -0.0579599254 0.138499275 0.0274499264 -0.161095828 -0.155782461 0.0110464683 0.0301262382 0.166607365 0.0567053407 0.135742188 -0.0426669009 0.0128679974 0.0647607148 -0.103885308 -0.118645705 0.0727918595 -0.194475636 0.216453314 0.098497659 -0.195553988 0.196172461 -0.0596613325 0.00709339743 0.07212881 -0.125439018 -0.00701838918 -0.034031231 0.134122849 -0.166038617 0.11241015 -0.0449440517 0.0513963029 0.176092893 0.0170073695 -0.17986685 -0.168199033 0.05364158 -0.0130373053 -0.0960273743 0.145798251 0.00933298748 0.00261515588 -0.148509279 0.162696123 -0.0691209733 0.0731889606 0.0678059086 0.0913538113 0.106525831 0.107463166 -0.189790696 -0.206841573 0.0494828783 0.0979059786 -0.0345971286 -0.132555231 -0.130579069 -0.0235264115 0.0919738933 -0.181617975 -0.111180045 0.186473817 -0.150481313 0.147889793 0.149978667 0.0913378075 0.0640724674 -0.01771852 0.0823457316 -0.0965230167 0.14947775 0.128713042 -0.0898036137 -0.126452297 0.0879518092 0.0803647786 -0.218970358 -0.190960258 0.189493179 -0.14899303 -0.0902219713 0.173201412 0.138127625 0.120974779 -0.194938868 0.0798964277 -0.103849582 -0.022746589 0.122466028 -0.176429123 -0.131129831 0.0454145558 0.183195412 -0.0969763994 -0.0816016942 -0.162274212 0.0689101294 -0.219830245 -0.185028464 -0.0144610489 0.190661877 -0.191345572 0.0650794059 0.157294586 0.0779606998 -0.202606037 0.185184777 0.0442700535 -0.0752490833 -0.0767128989 0.0464348011 -0.0307948459 -0.0927676409 0.108486675 0.217159897 0.0429994315 -0.11271324 0.183097035 0.00770421093 0.132606342 -0.109354541 0.0379357748 0.221280321 -0.161072522 -0.123377919 -0.0697342157 0.122173473 -0.00734287314 -0.00396379735 -0.0624316409 -0.130591154 0.215176597 -0.00771398051 -0.0944766849 0.0889903679 -0.0275554005 0.13447766 -0.0526225604 -0.103161052 -0.192018196 -0.0670242459 -0.0033628419 0.122845322 0.0810997188 0.00700103678 0.0275736377 -0.0394790247 0.00233286456 -0.192285627 -0.134335607 -0.203013301 -0.21186772 0.185161024 -0.0334506407 0.0037258151 -0.220064133 -0.00543502951 0.112484813 -0.109794825 0.0999704674 -0.029362401 0.20730488 -0.175075769 -0.0762849525 -0.0921104103 0.0124488873 -0.0314788781 -0.194857836 -0.203974947 -0.13973932 0.0854057148 -0.00416250573 0.209491059 0.0963885561 0.2054445 -0.0201351997 -0.160408914 -0.0852128789 -0.0967395529 0.0737175718 -0.0209167227 0.118922077 -0.0949505866 0.0670270622 -0.00443422981 -0.0122303125 0.0793214962 0.0351106264 -0.199611485 -0.1719044 -0.0486741364 -0.00056398171 0.0501774549 -0.158568248 -0.0174908061 0.0629431754 0.0199577529 0.0440157205 0.190088108 -0.0227848236 -0.0055759307 -0.142801493 -0.179773182 -0.192588478 0.130180523 -0.0851021111 0.000508035591 0.087410368 0.0576119758 -0.15499042 0.131405741 0.00489824265 0.147315308 -0.116575129 -0.0348507464 -0.0606900603 -0.215004817 -0.10800387 0.131892264 -0.0474713631 0.166307092 -0.143079683 -0.213317275 0.0735925287 0.0218188614 -0.206761464 -0.18744576 0.0885330141 0.180321604 -0.209312469 -0.124851003 -0.0618292689 -0.182871193 -0.167521313 0.0304617006 0.0384959877 0.0111025348 -0.0341546498 0.1552919 -0.0506889075 -0.220064968 0.119895972 0.0418966189 0.00343484688 -0.0526872613 -0.0601142757 -0.0608056672 0.148295611 0.0429025143 0.0182577893 -0.0785378963 0.0402696542 0.186211288 0.072382167 0.0594014078 -0.0629700124 -0.0433515795 -0.164802954 0.205641553 0.0595549941 -0.113721058 0.0192997996 -0.152503476 0.0444577448 -0.18893449 0.155361682 0.0787443593 -0.199887618 0.0705191717 -0.145243451 -0.0520282947 0.217224702 -0.000611737487 0.186380967 -0.0247745961 0.0454224013 0.186448395 -0.145755932 0.0215745289 -0.191508576 0.0366352871 0.202372134 0.220728993 -0.0840808377 -0.117090903 -0.0171635598 -0.135301977 0.158133402 -0.037656907 0.00782054849 0.065394327 -0.0764599666 0.0838730633 0.0460463539 0.205256686 -0.161083311 0.0827635452 -0.195511758 -0.176838517 -0.03496271 0.0311065223 0.119212799 0.00668151211 -0.15718177 -0.0128955562 0.175241947 -0.189755365 0.0832512975 -0.159352899 -0.101963446 -0.0220275689 -0.145791143 -0.0175906066 -0.0236387197 0.0099130664 -0.051627174 0.20841977 0.155499712 0.0210652091 0.0206501838 0.189094976 -0.123043157 -0.0327900983 -0.182477489 0.167484894 0.0688602701 -0.118238248 0.0795746967 -0.132027611 0.175190985 0.157996997 0.207081825 -0.0877395421 0.105488069 -0.058264669 0.0237570293 -0.0586547963 0.128403381 0.205804572 -0.127327204 0.152670041 0.149729729 -0.200978592 -0.0545706265 -0.0632872432 0.0399263054 -0.105838425 0.179684192 0.0407711491 0.0980791077 -0.186922342 0.0530343316 0.146698415 -0.154925391 -0.00217917375 -0.0920998603 -0.203601941 0.0465180427 0.195375696 0.0136352899 -0.0263764467 0.0525936298 -0.134891391 0.00831175968 0.0961837098 0.197155625 -0.0382936336 0.110290363 0.0610506795 -0.161510155 0.0859787017 0.0518698618 -0.141245469 -0.218975112 -0.0551545396 -0.178682759 -0.196845725 -0.0492571294 0.0297682751 0.192561433 0.13132675 0.00311051193 -0.0637462214 0.103835039 -0.0814107209 0.0473781787 -0.219538853 -0.000457007118 -0.173542589 0.187813029 -0.0396339893 0.0279317331 -0.113552637 0.121929392 0.116653517 0.114146166 -0.164825782 0.0940738991 0.159909964 0.184411019 -0.0826168135 -0.0887404308 -0.00621729717 -0.105199426 -0.0126054697 -0.0871525407 0.0927419737 -0.158797562 -0.205274254 -0.170273721 0.131174415 -0.0614081807 0.007427915 -0.172916785 -0.108054161 -0.0773680359 0.0708502904 0.168893591 -0.000787681609 0.0595206954 -0.113333948 0.131770164 0.126467109 -0.178665385 -0.147158816 -0.0284129176 -0.146288708 -0.0692522302 -0.140170723 0.0419076197 0.213612616 -0.0633934364 0.0998266563 0.158893362 0.113278173 0.216164127 0.0915291607 0.0942032337 -0.157269776 0.0764227882 0.0895913988 -0.0179891437 0.0234376732 0.183801055 -0.161842689 0.0603290647 0.00316725112 -0.0865544155 0.0830749124 0.100530915 0.147059768 -0.166128144 0.16390267 -0.00354521023 -0.131809503 0.0944618285 -0.185016558 -0.156664193 -0.0301384628 0.155125067 0.110302851 -0.00682021352 0.18187584 0.0466276519 -0.0562998578 0.200463995 -0.186518967 0.0378961749 -0.152906328 0.170954108 -0.00351687055 -0.0100849792 0.103411645 -0.119579412 0.180512249 0.196867466 0.149988249 -0.085392341 -0.130813777 0.116687395 -0.0477301851 -0.187458962 0.19046478 0.0308919661 -0.196520701 0.152577281 0.110574886 -0.00998632237 -0.147363305 -0.0915909857 -0.0376731195 0.211604074 -0.146788508 0.181065813 -0.109519899 -0.0193055663 0.0269550011 -0.162169665 -0.0938193649 0.105324887 -0.170776948 0.169274867 -0.095892258 -0.0278281718 0.07914377 -0.21100527 0.05524984 0.0669206753 0.195804819 0.200205669 -0.153733984 0.104410149 0.134824604 0.123876438 -7.90759805e-05 0.174500644 0.151985258 -0.20361051 -0.0962583348 0.0925484896 0.00209305389 0.196262807 -0.0919573605 -0.0438353941 -0.0850579068 0.0270555858 0.0649179965 0.14530234 -0.0542785786 -0.13022916 -0.0656918213 -0.107676074 0.213463217 -0.0725737214 -0.178810611 -0.149872035 0.198452771 -0.153395265 0.0271614101 0.0219201073 -0.201224118 -0.198905647 -0.221639246 -0.0415728986 0.0237704124 -0.0895985067 -0.0632146969 0.170507684 0.176807389 0.167232662 0.133365318 0.142013505 0.0201325864 -0.0458197184 -0.00444828672 0.057216119 -0.150619537 -0.13121523 0.156882212 0.165895045 -0.155710235 -0.0328365043 -0.175032377 0.137001932 0.0938148275 -0.0500442646 -0.032044705 0.0406458899 0.148855686 0.10892614 -0.17099613 0.109392345 0.0987291932 0.180119067 0.00197334262 0.159676775 0.150904879 -0.177628413 -0.0644765571 0.046628736 0.0434662178 -0.0584536418 0.161974683 -0.0317735933 -0.148244217 -0.0415070392 -0.00642745104 -0.0780446306 0.200774908 -0.188961282 -0.167019665 -0.192705557 -0.0566690266 -0.151913628 0.156266347 0.120045044 0.20284532 0.0534211509 -0.10084372 -0.0433540605 0.050157465 0.175092623 0.0580860637 -0.120090276 -0.162261039 -0.196999863 0.0451402701 -0.0427358486 0.172645614 -0.180496171 0.0840874985 0.149145663 -0.00845084898 0.203091145 -0.118947357 -0.0722407326 0.0880357102 -0.101620667 -0.0190630853 -0.0309550799 0.103766263 0.1271303 0.029405212 -0.0700894892 0.0636250079 -0.146356806 0.125992611 -0.0301311594 -0.0964999869 -0.0345437378 -0.0364866704 0.162772283 0.125278249 -0.147113353 0.183661371 -0.0652442053 0.189172894 -0.123242021 -0.0541848354 -0.161947623 0.203775451 -0.00588723784 0.196375027 0.0470837764 -0.0734554604 0.0604788475 0.203749716 -0.133471981 -0.120118402 0.116752133 0.107796401 -0.0299254805 -0.19754301 -0.0726859272 0.135692537 0.149724975 0.0305705424 -0.182918131 0.112885945 0.0261394717 -0.109047778 -0.0321800895 0.11576616 -0.0770556554 0.140261486 0.100811854 -0.135369554 0.0669921711 -0.110447623 -0.153978765 0.137620151 -0.0187051054 -0.0212692153 -0.165296972 0.207928225 -0.195887312 0.146401927 0.0084152678 0.0452931188 0.106322482 -0.0534537546 0.0654885322 0.0900828242 -0.188653573 0.145815462 0.032890249 0.119510449 0.183177307 -0.195753217 0.141451091 -0.149707928 -0.0635722578 -0.0417079367 0.12556766 0.178947821 0.103589036 0.129617661 -0.123945102 0.196178719 0.11310938 -0.214060917 0.0325876959 0.199868098 0.086196959 -0.105216518 -0.0187703799 0.0259176269 0.0746552795 0.127667949 -0.0595013425 -0.0471412167 -0.00932960678 -0.134092212 0.0478012338 -0.201954603 -0.0216644742 0.0771586522 0.0566646568 0.1359611 0.0784822404 -0.152690127 -0.155490607 -0.0897553936 -0.0621075667 0.223867804 0.0886293724 -0.0219547879 -0.130945042 -0.116152264 -0.15030247 -0.146470711 -0.10907115 -0.172538713 -0.130928457 0.00558295706 -0.0868730769 0.0557725728 0.0202287547 0.156667665 -0.163657442 -0.120226949 0.0929621756 -0.187445775 -0.0130872186 0.0291789528 -0.0951411873 0.216248587 0.0279264133 0.193938896 0.17632319 -0.116701238 -0.0874685571 0.0724621713 0.155064747 -0.173974976 -0.0698779076 -0.127856031 0.0943407789 0.18233259 -0.109060109 0.170547947 -0.0017376123 -0.0367442928 0.145965204 0.0761309266 -0.198406726 0.0634638816 0.026640391 -0.0873699114 -0.167021558 -0.0179816969 -0.0511359647 -0.0577820688 0.000928936177 0.0648507774 0.155962735 0.187270641 0.0236256532 -0.203512713 -0.0842600688 0.0387178734 -0.21093671 0.150390148 0.164997742 0.155282527 0.178251654 0.00688306056 -0.0223865788 0.090038307 -0.0123321619 0.172390699 0.166640103 -0.104480468 0.218943521 0.0554385073 -0.205962867 0.137517467 0.00640972937 -0.088034071 0.168210119 0.145436406 0.0318204612 -0.214511216 0.177657604 -0.189316437 0.181911439 0.0884756371 -0.102273993 0.197349384 0.149496675 0.201840773 0.0808798969 0.201663673 -0.127244666 -0.0223518591 -0.178810388 0.0385404304 -0.218349606 -0.029005371 0.158248559 0.149980426 0.013606919 -0.0638548806 0.204375505 -0.0117702996 -0.0631418154 0.000983131817 -0.007687442 0.0307662971 -0.0501949154 0.204585969 0.222039565 -0.0835587457 -0.0976614505 -0.0212202836 0.0656645522 -0.155371904 0.0290425941 0.220562965 0.0178555548 0.223105267 0.181989402 -0.187938556 0.094991751 0.142145127 -0.0158452317 -0.154751986 0.148675606 -0.0442965999 -0.0489681587 0.111027248 0.0443613119 -0.051418446 0.175263718 -0.0247361884 0.0471130088 -0.182549343 -0.086129427 -0.122820817 -0.00807478651 0.0385741256 0.0848455802 -0.152552873 -0.217428833 0.0422914997 0.0805527195 -0.0237634871 -0.102651007 0.163398609 -0.114466533 -0.159759924 0.20531565 0.115441218 0.152625427 0.144281864 -0.15148215 -0.168032944 0.165323332 -0.0344859213 0.180785194 0.0948717371 -0.0128943743 0.196792573 0.188819572 0.0906144753 -0.0913324133 -0.0587395467 0.133319899 0.1286401 -0.00516592618 -0.0621757098 -0.135575622 -0.184016094 0.030337248 -0.0448219962 0.167676136 -0.118102945 -0.152204663 0.150193766 -0.14428921 0.111832671 -0.117532946 0.0536432378 -0.165227935 0.106586948 0.199906752 0.0521123819 0.127816945 -0.0386485979 0.0392837636 -0.180681646 0.0117844474 -0.185450524 0.0412960015 0.141338184 -0.173038393 -0.103536062 -0.0754745081 0.207214981 -0.0492550582 0.147608608 -0.0031158037 0.15933539 -0.201448813 -0.0378689431 0.0606135949 0.14297682 0.0441129208 0.196976528 0.115741417 -0.202982217 0.198450089 -0.0360111818 0.107543297 -0.20104672 0.114456594 0.00519500254 0.198203862 0.0784448832 0.0131971687 -0.00384851708 0.153394952 0.0881440863 0.175614968 -0.188698038 -0.0874288082 -0.194311082 0.081109263 0.0630370155 0.176856667 -0.085398145 0.070915401 -0.0715648308 0.192034915 -0.207320347 0.112180583 0.114030346 -0.169001415 0.150486335 0.10333854 -0.175171643 0.03170266 -0.124808066 0.0571799725 0.145031631 0.131614268 0.110620379 -0.0991624147 -0.0155595718 -0.032579273 0.0445991382 -0.175077394 0.108088143 0.00077890337 0.0100704879 -0.117957607 -0.0328155011 0.158817545 0.140119433 0.142259002 -0.0607090369 -0.162213549 -0.115157165 -0.113251209 -0.194855332 0.108827613 0.151321247 0.0810527131 -0.217431739 0.0198747721 0.202018961 -0.0711469054 -0.0308561865 -0.187223151 0.128024995 0.205439791 0.105513498 0.0181768686 -0.172778606 0.201894939 -0.0616006292 -0.145775139 0.111723103 -0.186827943 -0.0857864246 0.0610290989 0.0675684735 -0.0646630824 0.186575025 -0.0323066339 0.162765115 -0.150543869 -0.0752446055 -0.12296325 0.0986826047 0.186967313 0.0289698299 -0.199223846 0.0540276356 -0.134634569 -0.0862274021 -0.0517092422 -0.206954777 -0.0527258553 -0.152119026 0.155089587 0.000723547477 0.0699060485 0.131495759 -0.00991425291 -0.0975959897 -0.0840086117 0.134228781 0.176969275 -0.0554518588 0.0220248606 -0.2050675 0.0114478581 0.0900929198 -0.132878602 0.219378307 0.089257732 0.107869416 0.112314351 -0.0557117648 0.174062923 0.144604862 -0.146557719 -0.206038594 0.00576585019 -0.13659966 -0.171954453 -0.177413136 -0.0773745179 -0.165190488 -0.219786987 -0.0346813351 0.142924309 0.0713313892 -0.051124543 0.0292298738 -0.109717242 -0.0673580617 -0.11217092 0.187493548 0.170110032 -0.172058344 0.192640483 0.139350817 0.110899396 0.163713038 0.102203064 -0.173521996 -0.0838408098 -0.0712362751 -0.0968868732 0.00601419806 0.164442778 0.0288403463 0.211430863 -0.0855463147 -0.219488978 -0.0466422848 0.120051712 -0.0289988015 0.0411119685 0.194715589 0.1308797 -0.13600798 0.153377235 0.167033002 -0.0286153071 0.103129797 0.0612968095 -0.0312842578 -0.0767838657 -0.0439177491 -0.138610929 0.112596519 -0.107302427 -0.0337153822 -0.0502795614 -0.0111253774 0.0125953052 0.0430348553 -0.012475743 -0.0214088019 -0.0286495704 -0.0200872924 0.0355960242 0.112864822 -0.130441651 0.161374941 0.0392113402 0.0374293141 -0.0244921949 0.0817294121 -0.207961515 0.155166999 0.0172514413 0.118675813 0.0999047905 -0.204865694 0.115729049 0.126010522 0.0764030069 -0.0647690818 0.130749181 -0.115994409 0.00747230416 -0.186168656 -0.096362628 -0.218639567 0.119598009 -0.180184647 -0.153681189 -0.0523302779 -0.141417548 -0.0745073855 -0.0706649348 -0.189675212 -0.141873688 -0.0509033017 0.0468301885 -0.0594281517 0.207702562 -0.0821995661 -0.179846704 0.0679300502 0.0498777032 -0.0440078862 -0.0893155038 0.167328238 0.0154733239 -0.0915038586 0.13311176 -0.165764332 -0.138611451 0.212076932 -0.00164142135 -0.0914458185 0.171968773 -0.137899935 -0.0846397504 0.164698586 -0.0940036848 0.144621313 -0.147169694 0.0188838579 -0.0761933401 -0.19202514 0.18523863 -0.0917638689 -0.135149583 -0.191679403 -0.0442097448 0.0441800691 -0.192246556 0.18167448 -0.0617053099 -0.00278720679 0.0299622696 0.13064298 -0.0840242207 0.212250859 -0.0228689834 -0.0353165306 -0.203664005 0.123606816 -0.135679707 -0.0681791231 -0.12930952 -0.210113093 0.190375194 0.0753031448 -0.192131162 0.0855387226 -0.117161795 -0.130041927 0.0286163148 0.000952592236 0.0939621851 -0.104246549 0.097771816 -0.0463408306 0.0174959656 -0.162219331 0.150638238 0.130367383 0.128959164 0.219494581 0.108500317 0.0944941416 0.113026232 0.0471090227 0.00098975026 0.106066674 0.121498555 -0.0785161629 0.0728259981 0.0713226497 -0.148114875 0.182965308 0.184459314 0.0784482211 0.197286516 -0.0294983815 -0.0727341846 -0.176773831 0.195949838 -0.210667342 0.174779445 0.0474235006 0.0478588752 -0.151892439 -0.103336565 0.0836977065 -0.177797541 -0.0969088227 -0.100134686 0.164751619 -0.158053532 -0.0877625272 0.160961524 0.0132005895 0.113341771 0.106208101 0.179055542 -0.117344402 -0.0941727906 -0.0482364669 0.16462639 -0.112985559 -0.209185556 -0.107596211 0.0685490295 -0.190721795 0.168927118 -0.0568156429 0.216882363 -0.206134722 0.200522304 0.0292869229 0.104194507 -0.212360889 0.0620088056 0.133473173 -0.163539603 0.069232814 -0.0656187758 0.144273609 -0.11914181 0.130612448 -0.125525117 0.11527919 0.00738809165 -0.0223270655 0.0755203143 0.0918685645 -0.188949764 -0.0911680683 0.151994631 -0.0205957703 -0.154591277 0.0133731747 -0.194374755 0.100165009 -0.0958382115 -0.181511432 -0.133136719 0.0707360283 -0.0378022417 -0.174528569 0.0406092443 0.0292749405 0.0481353104 0.0515139587 0.150852129 -0.195785388 -0.0402772985 -0.0955346897 0.12814866 0.130746365 -0.168357015 0.0073526511 -0.0979493409 -0.0741284266 -0.177932024 -0.0833545551 0.0980715007 -0.171270102 -0.217428312 -0.105400831 -0.148710713 -0.0486614183 0.130279899 -0.206691369 -0.100678369 0.0194888134 0.167738214 -0.177907318 0.0626122579 -0.131561533 -0.098948434 0.188602984 -0.0735680684 0.0135583971 -0.183318585 -0.0388510413 0.11325454 -0.0666239411 -0.141951695 0.139601737 -0.00190606411 -0.0361891799 -0.196551964 -0.15160732 0.0590652414 -0.188866258 0.127888128 0.136627346 0.189250931 -0.0416268148 0.137836263 0.161689863 0.00165175286 -0.0922821611 -0.024836991 0.128452703 -0.0768113062 -0.0883329138 0.147291213 -0.0197397638 0.0589166135 0.0903338715 0.0990908816 0.173463419 -0.138465077 0.167234689 0.0473480448 0.0503541864 0.0344320089 0.120462164 -0.158696279 0.10244742 -0.154706463 -0.0238875542 0.0107881147 0.0217804108 0.0588748083 -0.121388331 -0.210465342 -0.192509577 -0.0906600803 -0.0801157504 0.0286539122 0.150213048 0.0186893772 0.109981909 -0.0879188925 0.174784169 -0.196359649 0.136725247 -0.0963575765 0.0345024094 0.000534678169 -0.154659435 0.195749015 -0.0837609321 -0.19884941 -0.164887607 0.0987319127 -0.18670617 0.0780678615 -0.154177517 -0.200594947 0.0667252466 0.159010276 -0.147991106 -0.188536927 0.175310254 -0.184757844 0.059047468 0.0923236236 -0.0999588892 -0.0666324273 -0.068018727 0.192275643 -0.162432432 -0.000393355673 -0.0760186166 0.170955181 -0.0440902635 -0.145405471 0.110617369 0.0890546441 -0.173430145 -0.0508772992 -0.0323906094 -0.133717671 -0.144474089 0.0652956739 -0.222000107 -0.104754023 0.0576722734 0.100085825 0.175069183 0.182086915 0.183965862 -0.0403128378 -0.0665267184 -0.122628897 0.0165385772 0.0200904813 0.11460124 0.00209731655 0.180509016 0.0638590157 -0.180580929 -0.0283975247 -0.0596158318 0.0698873103 0.100708298 0.180529714 -0.0800897479 0.108849965 -0.209479332 -0.0568970554 -0.0496217757 -0.179513738 -0.180094644 0.0986762196 -0.218428195 -0.0766030625 -0.0753773823 0.119563453 -0.0759058669 0.191663191 0.208841071 0.0620079972 -0.214125097 0.0178845264 0.209618479 0.0774985403 -0.100166701 -0.174227133 0.116187617 -0.203487113 -0.1590361 -0.218149856 0.0262352377 0.0411136448 -0.152300984 -0.143958583 -0.0740059167 -0.165015444 -0.201998785 0.130628586 0.0609704405 -0.0976379141 -0.186991155 -0.0177891161 -0.0112550901 -0.08227662 0.198551744 -0.121128157 0.0589887537 0.166862726 0.0147079136 -0.0446519852 -0.203282505 -0.0254523177 0.0994964689 0.128685504 0.161104739 0.174620256 -0.0443939082 0.0333387777 -0.147079259 0.190399706 0.044096712 0.105202444 0.141723707 -0.0862118229 -0.0302738845 -0.211524487 -0.00250901002 -0.203584746 0.00991784874 0.0514977537 0.14826645 0.0794525817 -0.165061429 -0.17215687 -0.0339150429 -0.155403778 -0.12532872 -0.161960214 0.0953717008 0.019050546 0.176602185 0.183887377 0.103932574 0.113922745 -0.0873754472 -0.00454965653 -0.0788415372 0.0285026636 0.0250315648 -0.127447724 -0.013033716 0.165113479 -0.0365695991 0.123341419 -0.018303087 -0.167418197 -0.0230483264 0.0603771694 -0.15806058 -0.19571048 0.137816489 -0.112203099 0.101991802 0.144386485 0.0381492451 0.128707916 0.101840898 0.144483343 -0.214246869 -0.121631481 0.0171554983 0.205003053 0.218812838 0.0775322765 0.0549740121 -0.164847389 0.130733848 0.145013034 0.093990989 0.124533646 -0.119216412 -0.111542121 0.0507045127 0.0104417726 -0.00231614197 -0.17998898 0.0616497509 0.0541896932 -0.0532528795 -0.0795853138 0.073102653 -0.152576879 -0.00781205483 -0.0322442167 0.100798935 0.00205467525 -0.00536567066 0.200613081 -0.101899847 -0.197302163 0.129028618 0.0573607795 -0.0947859734 0.0365991481 -0.0807572603 -0.179398105 0.120616965 0.116976306 0.196510106 0.109451421 -0.017643569 0.0802582577 0.177404255 -0.0644695982 -0.13285999 0.143467024 -0.203785434 0.0497477092 -0.0854463503 0.0233837031 -0.0252966825 -0.0491100475 -0.051942531 -0.196764991 0.0623373538 -0.112870462 -0.00866906345 0.115468241 0.0258768722 0.0682957768 0.153270632 -0.082904242 -0.126571104 0.0855009854 0.0362306274 -0.174797192 -0.113753192 0.0970198587 0.133507088 0.13633737 0.177007556 0.00157198426 -0.0546469428 -0.0694473907 0.152328849 -0.0665937811 0.0724120885 -0.0215419102 -0.174743265 -0.16628696 -0.155474827 -0.187939689 0.0702018365 -0.0602260381 -0.173456654 -0.151721776 0.051544942 0.0080890879 0.130589023 0.0569229797 0.156599373 -0.106833555 0.140913308 0.137900561 -0.0945918411 0.183458731 0.149088666 -0.206513375 -0.164969787 -0.0740346462 -0.199445695 -0.100003831 0.0535951667 0.0346332118 0.0326843224 -0.139023334 -0.140769124 0.0829120502 0.179910332 -0.157852933 -0.0450975448 -0.154479444 0.0213294663 0.0861973688 0.15016304 0.201711997 0.0543900989 -0.0743627697 -0.192853272 0.0888549015 -0.0629445314 -0.193943515 -0.0193568226 0.0947486535 -0.150242284 0.208885103 0.143983573 0.170653254 -0.0664720908 0.0173904244 -0.0704453811 -0.0720564127 -0.124794453 -0.1922438 0.163134471 -0.210599959 -0.00989551842 0.109759726 0.205480948 0.0647642389 -0.0777985603 0.0573946908 -0.180248305 -0.120677963 0.143000871 -0.0355272256 0.0341179483 0.00566921616 -0.121316381 -0.153133005 0.199204043 0.0495440289 -0.026848292 0.12778762 -0.149552941 -0.223239318 -0.0430538021 -0.16130577 0.0127570489 0.0532852672 -0.142612711 -0.0315854326 0.176783904 0.00836153049 0.146055296 0.212070912 0.0810165927 0.16154927 -0.0852741748 0.0748890415 -0.133239016 -0.193265796 -0.159933612 -0.0736324638 0.126750588 -0.207814902 -0.0139166228 -0.147065774 -0.0382020548 0.124325432 -0.160435349 0.130348176 0.180799052 0.0723266974 0.140619114 -0.152608827 0.0683266521 -0.0798023716 0.0953894109 0.203966185 0.0751839653 0.155114263 0.0918379351 0.13889052 0.129981697 -0.161599174 0.0358309709 0.168161273 0.097601518 -0.150168777 -0.108628638 0.173010945 -0.0406313129 0.158306658 -0.10186021 0.164542794 0.00374715263 0.197330251 -0.182005927 0.0754311234 0.0256075151 -0.084998697 -0.197725534 -0.14889051 -0.188590974 0.101163507 -0.222319037 -0.199543029 -0.085573785 0.0985598192 0.168548718 0.144187167 0.0698256791 -0.0726400018 0.172443435 0.0465561934 0.125537962 0.127215877 -0.173921645 -0.0213942975 0.0466355383 0.11621394 -0.121296041 0.108053438 -0.0597666427 0.0858313665 0.0427961834 -0.174322337 -0.09695445 0.0823523924 0.0992240384 0.175483719 0.198742628 -0.160343587 -0.0177248158 0.0836850256 -0.125302032 -0.0941329077 -0.122958109 -0.0759529695 0.193412304 -0.191736355 -0.110424504 0.177655116 -0.069367677 -0.149262309 0.0103870165 -0.190103009 0.201833099 -0.168609634 -0.122435577 0.191525489 0.162065446 0.049096141 0.0398065448 -0.17839168 0.208379492 -0.0877286494 -0.0610787608 0.0373107456 -0.216792896 0.212185085 -0.132995516 -0.0973490402 0.0460148267 0.125885636 -0.187057823 -0.0156807303 -0.0016359468 0.0889666229 0.0527178794 0.0691814497 -0.134358987 0.0140807992 0.103883639 0.0103445621 0.196230635 -0.00485812128 -0.0450727157 0.00780826015 0.177467644 -0.0237472821 0.0504575074 0.182092696 0.202044547 -0.0821293518 -0.033094611 -0.0847760066 -0.0204758253 0.174901292 0.12891081 0.0761218145 0.0436939076 0.062974304 0.0481824055 -0.154073223 -0.1730735 -0.170022935 -0.196770698 -0.0427919663 0.101872325 -0.160297111 -0.0567816347 -0.105710126 0.0637616143 -0.135807201 -0.137236595 -0.182511076 0.181750208 -0.0995528474 -0.0868507698 -0.160100803 0.0893023983 -0.0744555593 -0.199566141 -0.0882523805 0.192551866 -0.0411010012 -0.0181201398 -0.13281849 0.0574421845 0.174005836 -0.0759636387 -0.0184140634 0.147729978 0.111340187 0.0918445364 0.133073643 0.0718575865 -0.0183162875 -0.0782853812 -0.162656769 -0.171165317 -0.203585371 0.0425845012 -0.0454156362 0.047006432 -0.103640325 0.078719981 -0.0514662638 0.208618268 -0.123249777 -0.137178481 -0.165011078 0.189282238 -0.0692059025 0.0442244336 0.164071098 0.161592349 0.201378152 0.201576486 -0.0685076118 -0.00862775277 -0.195515364 0.0164778177 -0.0352837816 0.0733881667 0.0722599924 -0.0665125921 0.126294419 0.0205147639 0.203325808 0.0963055342 0.1747673 0.187797114 -0.165183991 -0.0767103359 -0.107763216 -0.0741567761 0.0455711894 0.00737222005 0.0731439888 0.0709340572 -0.185653284 0.0845217183 0.0282518994 0.0122516407 -0.00909329206 -0.0854623765 -0.0455512479 -0.0305280555 0.00999834109 -0.145767421 0.138121799 -0.167137384 0.0590976179 -0.152731076 0.0866267756 -0.225555345 -0.142208308 -0.221183851 -0.0697116405 0.203134179 -0.107254766 -0.194762677 0.0292563662 0.000764868222 0.20131363 -0.0482132584 -0.181817561 -0.197969481 0.016222965 -0.190133229 -0.0289949719 -0.15853709 -0.0113919033 -0.0733061433 0.0700080693 0.106365681 0.104283072 0.148561016 0.0979081243 -0.013516576 -0.183977589 0.102460094 0.161294416 0.0620265119 -0.0453139208 0.109414168 -0.00479299296 -0.197892457 0.0721568316 -0.181517124 -0.100394644 0.00506183226 0.0265723392 -0.194214776 0.105031453 0.00234016357 0.0662512705 0.156119049 0.0710051432 -0.138183489 -0.0401670225 -0.0509001352 0.0767810196 -0.125746086 0.140384451 0.171720311 0.0843438655 -0.126987293 0.1928747 0.179487571 -0.0770234838 -0.184248939 0.185177311 0.0216632467 0.139578044 -0.0620627292 0.156010836 -0.102819383 0.186581224 0.144219756 0.161585629 -0.119641274 0.0611865222 -0.174413115 -0.082796447 0.082673952 0.0455419347 0.163223371 -0.130380481 0.0652073249 -0.153955311 -0.0328131206 -0.0391627587 -0.166934222 -0.0800201073 -0.126481012 -0.193895847 -0.156734347 -0.139080092 0.1705015 -0.0783173963 -0.0734868273 -0.109550558 0.145502001 0.155975804 -0.140537515 -0.113513298 0.112130515 -0.217800647 0.189235538 -0.150106981 0.0199196935 0.0571623407 -0.048659496 0.224147201 -0.0970406383 0.182990491 0.187590376 0.117890969 -0.0406098776 0.0179284252 -0.0586362965 -0.0228659697 0.166766822 -0.06158996 -0.132719398 -0.148660287 0.140279859 -0.0644475222 0.0379152671 0.146969259 0.0745754391 0.081154339 -0.0833061785 0.176183641 0.0812356398 0.0485083163 0.1910391 0.201975569 0.080981642 -0.0171246547 -0.088146016 0.0340915844 0.0711268038 0.169739082 0.191437915 0.19276236 -0.0938283652 -0.00823559146 -0.0679552481 0.0200795438 -0.0436710566 -0.0951581597 0.132443443 0.218046397 0.137519017 0.0831402764 -0.0585230812 0.224238068 -0.213997781 -0.207318708 -0.172380477 0.0572315082 -0.0129925478 -0.198034585 0.195353687 -0.144278944 -0.0365057029 -0.0305764489 -0.126183957 -0.110330366 -0.0753745362 -0.0855183527 0.187698826 0.0109523684 -0.12116418 0.111236043 -0.128686413 -0.0923948064 0.125258818 -0.124167942 -0.0569309406 -0.122939989 0.202395096 -0.0238053687 -0.0246944577 0.169134498 -0.0202654153 0.0107888021 0.169915006 0.18273969 0.0119528379 -0.0568297096 -0.0755543262 -0.168163687 0.108485751 -0.0460685454 0.174245432 0.0955080464 0.209332734 0.0512344688 -0.159798503 0.0109031051 -0.00658988487 -0.206685141 0.173134848 -0.00902728736 0.151260853 0.125430152 0.207798019 0.074294284 -0.0370778292 0.0772538781 0.136524811 0.11178311 0.157433152 -0.115855008 0.0513790585 -0.119219847 -0.173037007 -0.0318624265 0.0376418903 0.0092441598 -0.0963822678 0.0485979132 0.208034396 -0.0931980833 -0.0811797976 -0.0481762066 -0.203848481 0.0263708476 0.0582291633 0.0162819531 0.0058367704 -0.0414159074 0.140463218 -0.0987598151 -0.178612545 -0.0431946106 -0.126155093 0.0808477327 -0.0446738452 -0.108826414 0.044103384 -0.142163292 -0.0675859451 -0.0867494047 -0.210806772 -0.171802372 -0.143395126 0.133371249 0.131250367 -0.0520112216 0.0932773873 0.0802174062 -0.109148242 -0.200222597 0.154965922 -0.13209179 -0.168570638 0.0924453959 0.07415618 0.170187205 0.102354474 0.114528172 0.0783043206 0.0546175428 0.150565311 -0.146666691 0.176199958 0.0565581284 0.0359244682 -0.170721307 0.183244154 -0.13992399 0.0164336339 0.0332541838 0.0447669327 -0.0889055505 0.0941597745 -0.0543018654 0.044470001 0.0264626406 -0.021879252 -0.145512372 0.169710428 0.139325991 -0.162082091 0.199185595 -0.0103853252 -0.0790800154 -0.0672505572 0.106490709 -0.146771908 0.117846049 -0.134396061 -0.0439335555 0.146167487 0.215135708 -0.119491771 0.198199704 0.162961125 0.172872886 0.0559442006 0.061716646 0.0966736749 -0.184806496 -0.160119355 0.0465790518 0.0136508849 -0.0074314829 0.116448574 -0.107633524 -0.206393346 0.0937161818 -0.198062703 -0.0631185621 -0.0323700011 0.165593326 0.0881491825 0.0290154051 -0.0210383516 0.132456079 0.109768413 0.150222749 0.0986842215 0.180995345 0.0796651989 -0.103106692 0.0715032443 0.0325824171 0.0215191953 -0.130566776 0.0179493874 0.0774366334 0.155593768 0.0557169914 0.0587077066 -0.184886768 0.0521673337 0.101443067 -0.126197815 0.171707332 0.0333433524 -0.104537115 0.00100465817 -0.0905373469 -0.212170109 -0.0971530154 -0.201359794 0.0583493523 -0.136984214 0.117189303 0.145859405 -0.0377869606 0.0790101662 0.0937332585 -0.199988753 0.0576160215 -0.167980492 -0.208050653 -0.177622125 0.0347505361 0.00512269931 -0.151763752 0.0222254042 -0.131629229 0.0188876018 -0.0281364806 0.180905908 -0.197470829 0.0394970141 -0.157221481 -0.219444126 -0.0875789076 -0.15947783 0.0391948298 -0.00916957855 -0.0720094144 -0.161308467 0.102734566 -0.0422686376 -0.0961786583 -0.0923857465 0.140914842 0.0533441417 0.162906572 -0.08719486 -0.0394527577 -0.0654029027 -0.0770245492 -0.0703955144 0.0791156664 -0.014143222 0.0892494544 0.0442459695 -0.0184321254 0.221183464 0.156791732 -0.134030566 -0.0390447751 0.130360946 -0.152766004 -0.100030981 0.00397536857 0.00427268073 0.0751949027 0.177077711 0.00674119871 -0.17653738 0.0127340052 -0.0319302119 -0.174699619 0.136621565 0.210888162 -0.0906950384 -0.185073674 -0.183682889 -0.117003009 0.0969069526 -0.0663942993 -0.0779228359 -0.183671489 0.0551222675 0.117515348 -0.0273368098 -0.195732281 0.0181783307 -0.0509370491 0.194331288 0.198480815 -0.0809257329 -0.168346003 0.0365350582 -0.0658511147 0.0837923214 0.176878825 -0.117708087 0.0981717184 0.154610589 0.0878881291 0.102444619 0.0843677372 -0.152231932 -0.0159854572 0.203226596 -0.147921771 0.109273173 -0.0414202102 0.0110184439 0.029015284 -0.0632401928 0.150360361 0.00403991155 -0.11833401 0.155841663 0.139102548 0.0581182539 0.177962318 -0.197496444 -0.121782318 0.0963026136 -0.188263312 0.0257867854 -0.205567226 0.163216621 -0.0257401858 0.140020818 -0.0713704899 -0.172432467 -0.223949119 -0.149034977 0.0947570205 0.173890457 -0.0550420098 -0.0510410108 -0.185079798 0.00703394553 -0.196717724 -0.205738544 -0.140690967 0.0937247947 0.128161654 -0.0586368293 -0.180887341 0.110467784 0.0127186049 -0.184834376 0.0532482155 0.158779979 -0.159799069 -0.0425168872 0.0121375471 -0.0168805569 -0.15576607 -0.10565602 0.158673704 -0.128533736 -0.00036936102 0.0276707392 -0.161478221 0.101109348 0.128572464 -0.0174997933 0.0248297956 -0.0228362158 0.0598483793 -0.0287565831 0.128750533 0.106622681 -0.0174559336 0.0737454817 -0.0225470215 0.0364108868 0.0592092015 -0.103901222 -0.0160897244 -0.0566360503 -0.0885065496 -0.113807455 -0.0472689867 -0.0825564414 -0.0712741539 0.191949397 -0.0609328821 -0.185666502 -0.0806993842 -0.0153608415 -0.105479009 0.00589926308 -0.134561077 0.0555773675 0.150516063 -0.125243813 -0.039001368 -0.170236602 -0.112067178 0.132273868 -0.152839661 0.0178945884 -0.0470947623 0.0116428742 -0.0444127023 -0.0984739289 0.0250637513 0.0533017367 -0.0672893748 0.119158827 -0.112634383 0.0206628721 0.201607212 -0.0892366171 0.0129745705 0.155983716 0.0840148777 0.0792808384 -0.0861972868 -0.195792943 0.0843145698 0.090724431 -0.0521179251 -0.0597969033 -0.000439387339 -0.152063757 -0.0470039286 -0.123154521 0.0189117473 0.0745921507 0.119643986 0.0117837116 0.103960231 0.189200327 0.162824988 0.106309786 -0.0560504794 -0.183956906 -0.148613244 -0.214050949 0.100989379 0.211415276 -0.0303193536 -0.179273933 0.163805738 -0.151325107 -0.108265944 0.0495814718 -0.0314701609 -0.168380186 -0.174722344 0.149681672 0.0371553265 -0.177963108 -0.0444443561 -0.0754717812 0.0202329606 0.156849697 -0.0264977664 -0.12522991 0.0507466458 -0.106892578 0.106619276 0.118049935 -0.174248546 -0.0592530221 0.0199914891 0.127016172 0.0595679693 -0.197497204 -0.0244151019 0.120759472 -0.125513777 -0.191053405 0.0888079256 0.0282075405 -0.100867577 -0.156905472 -0.0210068934 -0.0986720622 -0.107940912 0.0316033624 -0.172676265 -0.135045648 0.124623179 -0.17309697 -0.0975650698 0.0228076745 -0.142813504 0.195430547 -0.088716425 0.0855236799 -0.162410438 0.159400374 -0.0532308519 0.00473263208 -0.0220238678 -0.0477289036 -0.160328552 0.156212196 -0.204595894 -0.175432041 -0.0872563571 0.00337997265 -0.0437840074 -0.0261425246 -0.140338004 0.100304224 -0.18838945 0.197051063 0.0813426524 0.179601699 -0.196899682 0.150475785 0.210516676 -0.138615638 -0.172086895 -0.0395579226 0.0335388072 -0.0350129604 -0.132664323 0.122468017 -0.0472198837 -0.0372774117 -0.169893846 -0.0295934286 0.016471494 0.131171942 0.131091148 0.0301641691 -0.130883202 0.0527357683 0.21028176 0.207521424 -0.15824762 0.0131697813 0.123326182 0.0403069332 -0.161437646 -0.0824036747 -0.0301890019 0.141504318 -0.0636601746 -0.0416400507 0.0626159161 -0.149019673 -0.0332873948 -0.164016977 0.0569626279 0.0886462554 -0.0933609307 -0.103510335 0.077055499 0.0391837284 -0.179333091 -0.0550335422 0.00372950174 -0.174427584 0.16221562 0.143376395 -0.0512119494 0.111579776 0.206538126 0.0354338959 -0.170348316 0.0140749561 -0.0211684648 0.1184671 0.0180956721 0.209536538 0.0447972119 0.0743732229 0.141660139 -0.0601128787 -0.115759663 -0.107637204 -0.0229290109 -0.192110777 0.162151814 0.088477537 -0.159994796 0.0603844561 0.00477551064 0.140518352 0.09221486 -0.0597158112 0.113142438 0.093705982 0.0564669147 -0.0642149076 -0.09956792 0.19964537 0.184943169 -0.0677654967 0.102201425 0.187006697 0.118392766 0.17548795 -0.117105938 -0.118833162 -0.0761892721 -0.0786112398 -0.0966428295 0.200630784 0.0507247895 0.00297721266 0.0584723242 -0.0508662947 0.0438106358 -0.0202585682 0.0983556733 -0.100264139 -0.0875433534 0.189196244 -0.0347597115 -0.182461292 0.0363689177 -0.193084344 0.00676376326 -0.175163105 -0.176393732 0.137831807 -0.0247193724 -0.0680077821 -0.183509067 0.121516801 0.212800354 0.186039254 0.00853557047 -0.081216462 0.178880364 -0.0919140428 -0.134726837 -0.0656290129 -0.117752254 -0.0485796519 -0.200171754 0.0201894287 0.0488826856 0.125471547 0.074507378 -0.219139576 0.223688886 -0.0595051125 -0.0164768212 0.142979428 -0.129182667 0.0724539682 -0.16585438 -0.120645583 0.168962494 -0.0920244232 0.111442573 -0.21008119 -0.0773308799 0.0807848275 -0.0294700228 0.205491424 0.196416363 0.018062491 0.128416449 0.0819394365 0.215708897 0.199126884 0.138986453 -0.140800059 0.0628203824 -0.000131963578 -0.11992836 -0.195121527 0.0491433665 0.128217831 -0.0962590128 0.174903259 0.204530254 -0.162845522 0.125388131 -0.0680645406 -0.114012502 0.0555217601 0.010456291 0.177521706 -0.0314138532 0.0280839074 0.157201007 -0.0498499833 0.209968209 0.108997069 0.121463016 -0.133658603 0.013497944 -0.169689164 0.191630885 -0.13004376 -0.0888062268 0.1254372 0.171519786 -0.19549942 0.0912818015 0.0365639105 -0.0361863375 -0.0140892798 0.00527403411 -0.0324076787 -0.214180946 -0.102781095 -0.100788131 -0.119040534 0.0607771277 -0.200697869 -0.178636849 -0.203512982 -0.0366806649 -0.017226601 -0.076760523 0.0842268765 0.155238897 -0.0468706824 -0.00118591881 0.0551196635 -0.0154406531 0.140235126 0.0639059171 0.206136659 0.220276132 -0.107165314 0.122084051 -0.0196730047 0.182229832 -0.178149194 0.0329174437 0.11231932 -0.109418012 -0.19028151 0.0311749186 0.157536939 0.184546486 -0.0374868214 -0.0865321234 0.162044272 0.07595741 0.0261845533 -0.063115254 0.0902177319 0.0191885997 0.101929493 0.107805401 -0.094892323 0.0893677399 0.0883825049 0.00278809131 -0.10731522 -0.215656161 0.222730845 0.120044589 -0.196706146 0.0149050457 -0.0362977535 -0.0819595531 -0.0200913399 0.00657732738 0.184476987 -0.128553629 -0.182227254 -0.0157529674 0.216799766 -0.0619575158 -0.206360489 0.0160151869 0.0638726503 -0.201295793 0.0866341442 -0.0862102658 0.194288775 -0.0492358468 -0.200924799 -0.175663322 -0.203178212 -0.108492479 0.193528444 0.159801826 0.062908791 0.209991619 -0.115718335 0.095375441 0.123417325 -0.0115880184 0.0773148537 -0.0558486953 -0.012874254 -0.0354833044 -0.0986724943 -0.0406154022 0.044311747 -0.0782299787 0.0400433876 0.10545817 0.039981395 0.125407815 0.0335708112 -0.210937932 -0.128554776 -0.0688704252 0.19291389 0.10248886 0.185634121 -0.0021648996 0.105592459 0.0400660858 -0.206806645 0.00150546338 0.0303459503 0.0323027745 0.119520612 -0.185322732 -0.105640873 0.0703942776 -0.155330151 0.204382688 0.0188963488 0.17723003 0.174172163 -0.0437265225 -0.0951446518 -0.0679442436 -0.0617949553 0.221755326 0.125625387 0.0313016139 0.166988999 -0.160513699 -0.0305068884 -0.186651081 0.154158205 0.0133152669 0.00130598759 -0.00569403311 0.0879829079 -0.164861932 0.013028821 -0.219246745 -0.13462238 0.0686871037 0.100768298 -0.0759206563 -0.190335572 0.0237158518 0.0450939313 0.0557679981 -0.114942059 0.189103246 -0.00451647025 0.123388648 0.161045581 -0.190226138 -0.0376794115 -0.211482048 -0.18760772 0.151861921 0.195261613 -0.122446813 -0.196216866 0.157613993 0.205738857 -0.133040905 0.102369346 -0.0167525113 0.165737584 -0.082602933 0.0228319354 -0.126708105 -0.06627509 0.137917548 -0.00722820871 0.155487612 0.0853398964 -0.0506905653 0.206441149 0.193943962 -0.0525420681 -0.135381669 -0.164872497 -0.150922209 -0.0128011685 0.0318283662 -0.0293803718 0.180606604 -0.0233783387 -0.164142728 -0.19707571 0.108416401 0.00857753865 0.103001729 -0.076792337 0.202507898 -0.0623833016 0.102691136 0.0924519449 -0.0605787262 0.0723408163 -0.190256372 0.0154817579 0.0826082677 0.065389812 -0.094073765 -0.133564293 -0.20702149 -0.22247757 0.13796857 0.0602849424 -0.0594165735 0.105068415 0.0348974951 0.0422443002 -0.191560313 -0.0521254241 -0.151619196 -0.196389988 -0.102192424 0.0745905414 0.123667717 -0.0214737635 0.197278544 0.0153553374 -0.117143787 -0.189465895 -0.175629839 0.158613414 -0.121820517 0.0286913104 0.135155618 -0.0498119369 0.164962471 -0.0426470377 -0.0549022108 0.161398098 -0.0967974588 -0.163377389 -0.0976502821 -0.190849125 0.178372145 0.124566287 -0.208230764 -0.18592523 0.066178441 0.137348771 -0.0394114107 -0.118514895 -0.0223535448 -0.0717731267 -0.160588801 -0.102986246 0.184406072 0.149121195 0.205708146 -0.16145505 0.0372653902 -0.128102392 -0.130621508 0.167758286 -0.030621428 -0.0130704157 0.173994094 -0.140942246 0.0568884239 -0.0294538941 0.000840065593 -0.117652997 0.0187655091 -0.184958756 0.144993424 0.0366165563 0.0662563071 -0.0782825127 -0.194811985 -0.118279487 -0.142245218 0.126808465 0.0123383813 -0.00168987783 -0.184964091 0.0967138931 0.00281393528 -0.0332772918 -0.0575030893 0.0871744826 -0.151561722 0.091426529 -0.0793185607 0.119856417 -0.18165642 -0.195419475 -0.110810064 -0.0486953855 -0.174420699 0.0362346619 -0.168986037 0.207221732 -0.11664395 0.090413481 -0.0823446363 0.110951908 -0.189793214 -0.0965787694 -0.101412885 0.10181246 -0.087996766 -0.158650354 0.140311688 0.0760796815 0.0694574341 0.0146888103 0.0310717113 -0.186086729 -0.0524568819 0.102310002 0.200105354 -0.0694202483 0.164774105 -0.146294355 0.0501144379 0.170934737 0.115466647 -0.00506258756 -0.0979871079 0.160840258 -0.105032451 -0.174841404 -0.126917511 -0.208374545 0.0840844288 0.116376214 -0.010494113 0.105783418 -0.0738960132 -0.213866547 -0.0150365625 -0.190588504 0.0707431361 -0.212342396 0.167084336 0.124052592 0.146055862 0.155119926 -0.0171293374 -0.06411881 -0.133944243 -0.119785182 -0.00382901588 0.163383335 0.17484735 0.000444410078 0.0349263735 -0.0615866259 -0.160219431 -0.135399863 0.0184343643 -0.018675562 -0.158898681 0.139657155 -0.177444577 0.023794353 0.167096019 -0.128960535 -0.130904421 -0.146717072 0.0397281349 -0.0917814076 -0.0573852472 0.119738661 0.0980666354 -0.0260821208 -0.199700966 -0.154965192 0.150612339 -0.195529431 0.0709848627 -0.187331438 0.00846174918 -0.214456856 -0.173271075 0.0702670217 0.092600219 0.00890225265 0.190470845 -0.0615804531 -0.154102743 -0.168631405 0.181169301 -0.161348343 0.078530103 -0.0678684339 0.0913349539 0.122700766
